0 0.42379182156133827
1 0.41304347826086957
2 0.40714285714285714
3 0.42066420664206644
4 0.4028268551236749
5 0.3838383838383838
6 0.4253731343283582
7 0.4014084507042254
8 0.36075949367088606
9 0.397212543554007
10 0.38127090301003347
11 0.4028268551236749
12 0.3904109589041096
13 0.42066420664206644
14 0.38513513513513514
15 0.42379182156133827
16 0.42379182156133827
17 0.41155234657039713
18 0.38
19 0.3904109589041096
20 0.4028268551236749
21 0.397212543554007
22 0.36774193548387096
23 0.38513513513513514
24 0.42379182156133827
25 0.41304347826086957
26 0.3986013986013986
27 0.3825503355704698
28 0.40860215053763443
29 0.4
30 0.41007194244604317
31 0.3787375415282392
32 0.41007194244604317
33 0.3877551020408163
34 0.37623762376237624
35 0.397212543554007
36 0.4014084507042254
37 0.3944636678200692
38 0.40425531914893614
39 0.40714285714285714
40 0.3986013986013986
41 0.3958333333333333
42 0.37012987012987014
43 0.3958333333333333
44 0.4
45 0.397212543554007
46 0.3931034482758621
47 0.40569395017793597
48 0.41007194244604317
49 0.40425531914893614
50 0.3986013986013986
51 0.3944636678200692
52 0.397212543554007
53 0.41155234657039713
54 0.3737704918032787
55 0.3931034482758621
56 0.38127090301003347
57 0.397212543554007
58 0.4367816091954023
59 0.397212543554007
60 0.41155234657039713
61 0.40425531914893614
62 0.3917525773195876
63 0.41911764705882354
64 0.4175824175824176
65 0.3958333333333333
66 0.4014084507042254
67 0.4014084507042254
68 0.3917525773195876
69 0.4222222222222222
70 0.40425531914893614
71 0.3917525773195876
72 0.41007194244604317
73 0.38513513513513514
74 0.4
75 0.397212543554007
76 0.3787375415282392
77 0.3917525773195876
78 0.3665594855305466
79 0.3917525773195876
80 0.4351145038167939
81 0.40569395017793597
82 0.4222222222222222
83 0.3944636678200692
84 0.38513513513513514
85 0.3931034482758621
86 0.41007194244604317
87 0.40860215053763443
88 0.43018867924528303
89 0.40425531914893614
90 0.3917525773195876
91 0.41605839416058393
92 0.42379182156133827
93 0.40860215053763443
94 0.3917525773195876
95 0.38513513513513514
96 0.37623762376237624
97 0.3958333333333333
98 0.3877551020408163
99 0.37623762376237624
100 0.4028268551236749
101 0.40425531914893614
102 0.4014084507042254
103 0.3904109589041096
104 0.4222222222222222
105 0.3864406779661017
106 0.42696629213483145
107 0.3986013986013986
108 0.35403726708074534
109 0.3917525773195876
110 0.41304347826086957
111 0.3825503355704698
112 0.3958333333333333
113 0.37748344370860926
114 0.41304347826086957
