0 0.03248994918389482
1 0.01762111268009529
2 0.013122497053431072
3 0.023070098856845606
4 0.010663869449409079
5 0.010660982082613544
6 0.01968128436895882
7 0.014563035979091634
8 0.005008648931669307
9 0.01183115085985048
10 0.006907991485590174
11 0.011400348520391542
12 0.010144133783987277
13 0.017291363429954684
14 0.007074447857815538
15 0.020895265847707085
16 0.022213447427560148
17 0.01660199660390932
18 0.008492946116024448
19 0.009759312735771707
20 0.02304632173060802
21 0.022126807176414885
22 0.006732525804006757
23 0.007589335681498664
24 0.02070022463158684
25 0.01778327242869339
26 0.01700336998667973
27 0.010660261265228411
28 0.01817205827359323
29 0.009028716823683692
30 0.015086641056354317
31 0.008417562670077422
32 0.014876854560096128
33 0.007354298482007655
34 0.008025924976628357
35 0.015475551922823365
36 0.013206024770572684
37 0.009130695528918065
38 0.02518680197086883
39 0.010703577458606346
40 0.013982681992917627
41 0.006438559060854571
42 0.00778950469459186
43 0.01359544491329856
44 0.01437245152853893
45 0.011443177305595333
46 0.010352652686330776
47 0.01510233078600516
48 0.017789451176510238
49 0.009784773433480328
50 0.014372027035004979
51 0.014904553335899977
52 0.009851352698010494
53 0.016560890657173692
54 0.0039059842191249516
55 0.011734000737586285
56 0.009539783889116067
57 0.010379976482942584
58 0.02882282342077095
59 0.010865586431809463
60 0.015202649082396808
61 0.020755436736059025
62 0.01419757806978378
63 0.018286208212798985
64 0.020365117971128548
65 0.010095341327721368
66 0.010700267807535182
67 0.01181028761939233
68 0.010756799902972802
69 0.024139419776449275
70 0.01518987229863096
71 0.012566710160707676
72 0.01629517866867615
73 0.008117245702971865
74 0.010169665340926915
75 0.01168051872820568
76 0.005946668030335615
77 0.011900534557201973
78 0.005522846002138626
79 0.008171049457356317
80 0.029161053264223705
81 0.0115098071474823
82 0.03353295672662947
83 0.0066366417878144035
84 0.0074325129265182905
85 0.008033939555272972
86 0.012377687742137088
87 0.014199915092060615
88 0.020079489412026353
89 0.017157286536913386
90 0.008619870213633491
91 0.016539482936742633
92 0.023836354939100673
93 0.013952929320212781
94 0.00531688593399675
95 0.00692742956544374
96 0.006940379384725656
97 0.010385284876151103
98 0.014140295421898302
99 0.009062853759648144
100 0.011781046708853
101 0.018287337810389524
102 0.01592735384829188
103 0.013536271209453072
104 0.018819414499005812
105 0.004371887628309955
106 0.020498159932875414
107 0.010360655316940269
108 0.0030021221558908604
109 0.008957088213405547
110 0.014370414434605228
111 0.0075158855048337025
112 0.01158158129803153
113 0.006498110552695201
114 0.010246338156874259
