0 0.340070622357 0.378238840183
1 0.184251018279 0.705038111656
2 0.741755927992 0.654377217475
3 0.653901169079 0.494189943827
4 0.462049140037 0.14849672186
5 0.612866770816 0.298613119496
6 0.668783044726 0.65767742873
7 0.763779320033 0.252811551585
8 0.69100440273 0.0332224646433
9 0.569883293587 0.1722918653
10 0.738545552367 0.423210619437
11 0.489854681 0.286485416356
12 0.41427913846 0.86195351326
13 0.573410895915 0.708190165214
14 0.605122967546 0.867988169807
15 0.645216663429 0.586975503889
16 0.461347838694 0.336778019086
17 0.17742526234 0.543319570482
18 0.452709187523 0.982650439911
19 0.324709574017 0.853076497215
20 0.184125443058 0.457157254733
21 0.626029247947 0.225656605142
22 0.759706709367 0.148404990701
23 0.514245704724 0.118082302618
24 0.341494569943 0.334944311883
25 0.25301923134 0.668345591344
26 0.421079597458 0.813492526867
27 0.0629411588697 0.647862749406
28 0.372018690867 0.284619570464
29 0.407741788572 0.761310836795
30 0.400429141529 0.681742322656
31 0.571175254074 0.951715468711
32 0.687327589542 0.615658653668
33 0.161936261298 0.742254602966
34 0.485426394641 0.995454606969
35 0.36314176508 0.751131241147
36 0.265598114554 0.783432124518
37 0.105183722187 0.780336373921
38 0.515171910514 0.731571916354
39 0.69180673358 0.750511383857
40 0.763356448453 0.341238116527
41 0.528023051423 0.15933590158
42 0.283825196184 0.921426425445
43 0.373645014269 0.914204051745
44 0.220712518953 0.623345533542
45 0.208881294195 0.804400417988
46 0.651981000824 0.317688037561
47 0.746602702199 0.56493382868
48 0.302266932077 0.435971847188
49 0.574652622296 0.380658155213
50 0.474155165389 0.246447217138
51 0.676343091044 0.215668925876
52 0.640917241384 0.425306649811
53 0.460269494801 0.396971293043
54 0.62544147601 0.981071697335
55 0.481192352231 0.872284333749
56 0.0838517167363 0.561419502653
57 0.173684009294 0.614974551491
58 0.424358916148 0.566907917009
59 0.25278311671 0.56488564699
60 0.622420817551 0.65728431979
61 0.494686428021 0.839162356313
62 0.10780608337 0.664126662281
63 0.281063113959 0.631595113849
64 0.625167452109 0.511742060926
65 0.075294144873 0.482971130399
66 0.150289698584 0.453071863547
67 0.561624230491 0.244890227311
68 0.709093410805 0.176774970967
69 0.283857740571 0.316486974722
70 0.110214233127 0.599466871754
71 0.652359214648 0.871615056222
72 0.730249614597 0.502799701156
73 0.675796892698 0.289689605742
74 0.790547942919 0.442607492301
75 0.226315016004 0.438682047512
76 0.0100353928397 0.5072901592
77 0.763715521332 0.191530884028
78 0.640737663901 0.0857241902148
79 0.378333316037 0.87736337962
80 0.360464846989 0.659519584817
81 0.719051127373 0.372146171781
82 0.602467453893 0.539216797117
83 0.550478796797 0.292809938607
84 0.677803446156 0.346580058179
85 0.539778273214 0.887472952044
86 0.231880195296 0.486669065219
87 0.121702263111 0.39430160303
88 0.482792534306 0.43796238533
89 0.299681733914 0.810370216385
90 0.417997374083 0.148910214742
91 0.279580063238 0.519283539136
92 0.3445159268 0.587663668888
93 0.421799330958 0.31700632111
94 0.472983288598 0.802064684486
95 0.0 0.53951281928
96 0.0338924416875 0.448130416195
97 0.392645727936 0.431304264165
98 0.626613774713 0.359475910808
99 0.577014010596 1.0
100 0.732854301366 0.721032071056
101 0.452503934256 0.663263774901
102 0.664267388302 0.546266179117
103 0.258963183666 0.741605734757
104 0.434854255106 0.247354092801
105 0.124748986454 0.828652785433
106 0.504127397807 0.643274997242
107 0.605624560573 0.414842197282
108 0.752713430625 0.0
109 0.188126556477 0.847737618385
110 0.531338254896 0.43583235274
111 0.714176152367 0.137840865599
112 0.275113254378 0.475969279157
113 0.0688189945603 0.40576068653
114 0.546373950175 0.364689911839
