1 0.287086563747 0.349969287171
2 0.363179729112 0.389753864737
3 0.62100262612 0.36157115376
4 0.367863841163 0.190845353155
5 0.016291708861 0.61451189294
6 0.0380443078927 0.283268866494
7 0.00360169129533 0.501249801358
8 0.466880409406 0.134981255025
9 0.542899451659 0.57332941467
10 0.920731407322 0.464553798912
11 0.0 0.433060526057
12 0.356321925543 0.0
13 0.140279258011 0.132766452663
14 0.499270695403 0.362093815498
15 0.58016142428 0.956712956117
16 0.964582654451 0.760450586701
17 0.00951302114625 0.357397930978
18 0.142865601588 0.583754873429
19 0.916781048072 0.831479192369
20 0.374534442169 0.612062394058
21 0.999286352053 0.67688465105
22 0.224378256404 0.0903803195656
23 0.680041986641 0.97299406467
24 0.986040251798 0.57762809949
25 0.927583128191 0.15592022438
26 1.0 0.291986197749
27 0.771108985864 0.948104660207
28 0.950139332559 0.373108697921
29 0.814491410439 0.273623556503
30 0.860851728744 0.865748466545
31 0.510149311515 0.71894905789
32 0.742255754652 0.382633958096
33 0.755497110799 0.716570018945
34 0.747357620811 0.640121389922
