1 0.96821760338 0.636031710104
2 0.977403753563 0.605077136398
3 0.978955356893 0.622259421085
4 0.866009857345 0.567683177206
5 0.991224752766 0.568431551991
6 0.85027492342 0.830802341174
7 0.865504311142 0.817072976982
8 0.75585185517 0.605916364404
9 0.741121879424 0.921473408873
10 0.724118296192 0.930601727537
11 0.762781684539 0.908599914703
12 0.70632205534 0.93926259402
13 0.749464353336 0.88685319885
14 0.687665826908 0.94749757713
15 0.790055110889 0.890135843364
16 0.987506875101 0.584497641866
17 0.668663849397 0.954877507418
18 0.653339464216 0.960300537493
19 0.636447382728 0.965516306503
20 0.618027039058 0.970594805162
21 0.812295809876 0.873048297012
22 1.0 0.50379873266
23 0.93967726573 0.71847340966
24 0.915428065066 0.757470709966
25 0.999857984726 0.451964921746
26 0.889129582761 0.489445759187
27 0.954511063504 0.688302099565
28 0.892495985234 0.789102118783
29 0.889499539842 0.434001951373
30 0.961247154389 0.67250896703
31 0.995844958565 0.411728389225
32 0.985612921642 0.355268559489
33 0.884862118686 0.403917722801
34 0.967681842922 0.656334716678
35 0.904515328578 0.771757403121
36 0.929451430377 0.729911709329
37 0.922836590261 0.742952141798
38 0.945809564287 0.703803442184
39 0.651546871118 0.617024669259
40 0.601879770357 0.743509990671
41 0.46798684923 0.72937329984
42 0.847393579743 0.382610955205
43 0.417064811736 0.841423630645
44 0.35609553811 0.832780234054
45 0.574134627424 0.597854592019
46 0.569938720431 0.700037069361
47 0.572830456581 0.462941458122
48 0.774969675511 0.492367152548
49 0.823164035337 0.531781528997
50 0.562055335971 0.672117229498
51 0.418848151522 0.678869875445
52 0.387417859138 0.835831072254
53 0.492078295379 0.686100023023
54 0.705684276335 0.585765336293
55 0.615134730986 0.722587016561
56 0.758994167891 0.526390100912
57 0.121548917784 0.60176825283
58 0.712247378664 0.557720804845
59 0.685126658363 0.565865127724
60 0.759416233668 0.555566109073
61 0.634367357852 0.775073381937
62 0.547410045053 0.683248024196
63 0.572825241827 0.656017205758
64 0.809643495223 0.603654191522
65 0.594152130728 0.489842601451
66 0.853013467397 0.461582508833
67 0.426132367327 0.523964818301
68 0.507699280423 0.287242629111
69 0.143461782858 0.657762759702
70 0.162997839375 0.51074276135
71 0.240871534631 0.577291570795
72 0.405334041729 0.256314209939
73 0.223512136284 0.61776397626
74 0.722426201985 0.431303249916
75 0.693904940458 0.465892468081
76 0.465393234638 0.679606089986
77 0.196611465346 0.601427821576
78 0.340006839505 0.720198500083
79 0.371297448974 0.723374776254
80 0.464189564405 0.310919869091
81 0.43293237899 0.621879439574
82 0.41530485585 0.643694865889
83 0.596964323242 0.567055776465
84 0.545543105961 0.320480301426
85 0.527248402897 0.650497925
86 0.679289632012 0.613743306822
87 0.838529207854 0.498066907401
88 0.0805452164027 0.6460478518
89 0.443394552032 0.0369485016276
90 0.302671740753 0.534876777642
91 0.437004578311 0.331203765189
92 0.407349032391 0.334128385439
93 0.153688234974 0.388188556568
94 0.384488057879 0.459531806
95 0.442454464846 0.355922182952
96 0.433016591407 0.251038486417
97 0.694046902117 0.758177345403
98 0.550960676556 0.801972917273
99 0.291853471079 0.447397213941
100 0.204222968447 0.403793284661
101 0.379638916218 0.289678364372
102 0.248224879647 0.68528786846
103 0.204331829105 0.084297556819
104 0.687660852871 0.696828348153
105 0.158687678749 0.462719907144
106 0.357297923421 0.675116749229
107 0.204323070674 0.738880214576
108 0.755040999148 0.429528977612
109 0.425508907367 0.396843979874
110 0.369232772297 0.114699958067
111 0.248879519638 0.473714736575
112 0.399542791902 0.423469652239
113 0.332540733963 0.114122768617
114 0.0618659489564 0.610462757566
115 0.248809777498 0.0587373649801
116 0.81445371514 0.446483028521
117 0.181179795994 0.102506280416
118 0.353354340687 0.474588959503
119 0.404352880824 0.389594903474
120 0.368404308971 0.635342130332
121 0.480800533147 0.910764689281
122 0.0 0.605757577057
123 0.331244240106 0.43792438152
124 0.798621883197 0.31003604305
125 0.436358144261 0.310580339742
126 0.245458604027 0.425095415059
127 0.206439652893 0.286209294132
128 0.363191054248 0.563969295303
129 0.262176706287 0.25351093139
130 0.333849797521 0.65775474397
131 0.4170103525 0.407468179258
132 0.300036896244 0.196361046616
133 0.372771316619 0.517203682607
134 0.11896989043 0.624008551916
135 0.327480562509 0.0
136 0.248970518193 0.522912822552
137 0.253905620934 0.342919804404
138 0.717411902292 0.350486545422
139 0.314474715654 0.241450731782
140 0.374558412126 0.654040431048
141 0.461643909412 0.0900719208983
142 0.466086549567 0.603230252458
143 0.423053283161 0.290239330173
144 0.496285074836 0.539559898846
145 0.271740211946 0.697172371582
146 0.385311844084 0.381615370084
147 0.409860857995 0.362135315051
148 0.289222190442 0.650435166901
149 0.291809748899 0.281849778965
150 0.43885497267 0.382489605398
151 0.771064629563 0.41505578656
152 0.338876212916 0.3461195323
153 0.456388713382 0.48700229004
154 0.190721938606 0.679741609751
155 0.166461388756 0.737174303777
156 0.226002461064 0.0721746121288
157 0.378895542174 0.247714615292
158 0.210398327372 0.567767983503
159 0.38415238508 0.429108802567
160 0.245333199942 0.784144215307
161 0.308645349789 0.406214752134
162 0.395296282529 0.354886819799
163 0.152032924148 0.549947127452
164 0.18225694724 0.645755334559
165 0.782576472947 0.225531262983
166 0.437221791071 0.513323775586
167 0.351568795972 0.417560181159
168 0.46066710916 0.539415698491
169 0.514983672717 0.471473290231
170 0.485511091877 0.268190217463
171 0.111977554323 0.7821216801
172 0.415970773181 0.453259775676
173 0.442155402192 0.583238973267
174 0.389193445485 0.342355462523
175 0.449809852911 0.824218504724
176 0.384447628069 0.409618856348
177 0.414982073252 0.350539451963
178 0.840025145956 0.31396885295
179 0.371844360818 0.387391050769
180 0.101678053852 0.72962511034
181 0.362451856395 0.619341997678
182 0.326148501576 0.508121126763
183 0.510816129861 0.435256668353
184 0.231398599145 0.490147316306
185 0.70415511175 0.152957818219
186 0.186495955391 0.306518848723
187 0.317775043216 0.0387980482607
188 0.261685766604 0.877763140977
189 0.308227434995 0.422738906428
190 0.393710603714 0.141260272404
191 0.203981709504 0.439622399833
192 0.23913556024 0.380894743034
193 0.811119372101 0.235429689719
194 0.399094410799 0.00602965361574
195 0.144083469084 0.768139785132
196 0.12140813696 0.747191019103
197 0.510654828559 0.488244724186
198 0.349575612131 0.542379848461
199 0.738736615885 0.304224916184
200 0.692452748535 0.097813842017
201 0.554978033298 0.396470539143
202 0.361502223369 0.312728670468
203 0.469351159998 0.476445674769
204 0.2679218251 0.285682685538
205 0.725482367296 0.270801434837
206 0.264547560873 0.624937416394
207 0.0881678770121 0.71326850554
208 0.638465515222 0.714359804986
209 0.203091284429 0.767394202642
210 0.162558084574 0.121413535572
211 0.0641230734836 0.683756375226
212 0.35942479328 0.351936801044
213 0.567648176964 0.372308960694
214 0.650882543489 0.270811369915
215 0.236186772156 0.199113626908
216 0.3703282391 0.538217174251
217 0.350919348594 0.404282359439
218 0.323308847607 0.303482541681
219 0.437295706487 0.450518007959
220 0.0972765788744 0.524256103885
221 0.376256226202 0.303101103456
222 0.260966236085 0.409096358509
223 0.231596803834 0.162506131451
224 0.587588995998 0.395764807005
225 0.389048479023 0.54392602964
226 0.105096872906 0.554117580458
227 0.143969163758 0.134275170425
228 0.815227897583 0.263680281742
229 0.335239142892 0.619811691354
230 0.3505435244 0.326403602782
231 0.473957497238 0.801965292525
232 0.368214291828 0.460486871377
233 0.400095780818 0.503797277888
234 0.255606856311 0.140070156682
235 0.272239170207 0.103635906588
236 0.83840928038 0.279794310991
237 0.378832968664 0.19918906169
238 0.291019580255 0.0429743838161
239 0.276780759191 0.487399971776
240 0.266478711975 0.360863157131
241 0.0243435397715 0.566274030069
242 0.558940832574 0.445528754448
243 0.422073765228 0.145052111047
244 0.618618561068 0.13717710987
245 0.53173383962 0.463974681581
246 0.48771364567 0.449612246012
247 0.0204123078403 0.475716916231
248 0.489025316902 0.412431478329
249 0.335828772376 0.246688747506
250 0.474458711791 0.510013846125
251 0.5363024131 0.517693466029
252 0.349046712867 0.170097078178
253 0.476291345305 0.460171138741
254 0.291230402127 0.611765830484
255 0.346650316299 0.360381595546
256 0.273542521324 0.386776756422
257 0.0164471470723 0.540190512811
258 0.439026721511 0.499409070952
259 0.298963511744 0.156812077097
260 0.332438149345 0.279241501214
261 0.308193348111 0.449265955814
262 0.318885832076 0.568297122151
263 0.458977156268 0.435470204735
264 0.507736802902 0.794245370813
265 0.121083041294 0.169666365566
266 0.149722043433 0.294279099867
267 0.151691812223 0.330978173665
268 0.0264773947864 0.344075222162
269 0.031261658076 0.367560357807
270 0.0142689489837 0.382773142755
271 0.20541734178 0.346028202811
272 0.184291373999 0.261223369533
273 0.357372574067 0.291610829954
274 0.418824805226 0.55379261199
275 0.273860395492 0.583851705506
276 0.391799003012 0.510707405199
277 0.0400261945102 0.322814764648
278 0.0494342737803 0.295914790376
279 0.0256965538091 0.405565970069
280 0.00671740031992 0.496495779354
281 0.219804151517 0.327314536136
282 0.0135760521236 0.440160095758
283 0.212072523653 0.370691265158
284 0.321295443495 0.344009060001
285 0.281094358197 0.76920670623
286 0.262705071642 0.323366136839
287 0.408721208549 0.218384984872
288 0.320026062141 0.484474464313
289 0.103767645318 0.200453814527
290 0.123943299077 0.474780389409
291 0.00376827736338 0.46151496226
292 0.401378397523 0.436906559998
293 0.366886064546 0.448042999401
294 0.00731827100927 0.417837442721
295 0.1984934352 0.190120797237
296 0.334656999065 0.488171877823
297 0.353946935417 0.48892833232
298 0.347232750736 0.217008613496
299 0.397740668932 0.376697162879
300 0.301642175092 0.252817017641
301 0.373506383635 0.387300476358
302 0.162348964649 0.362947268368
303 0.179925146583 0.527254899162
304 0.0185960315686 0.516348509763
305 0.32288569017 0.374837879633
306 0.363162073211 0.367835686631
307 0.336135995164 0.389815699647
308 0.223692407745 0.535612296311
309 0.113891317788 0.430474993368
310 0.349505443694 0.39138831175
311 0.425831991163 0.373787909567
312 0.768132653244 0.189484041147
313 0.589165757279 0.334356086167
314 0.77527141824 0.148247037923
315 0.75817129246 0.128960633
316 0.679615372726 0.25280953782
317 0.73846677299 0.116425218349
318 0.68168282687 0.277978218084
319 0.743229854623 0.173512313703
320 0.53239666527 0.221386721997
321 0.408411715837 0.29440163944
322 0.454631912181 0.252848063662
323 0.482083249001 0.00119980866085
324 0.499728300842 0.210693743858
325 0.457807225691 0.229720615934
326 0.732968028864 0.06967316943
327 0.879608869535 0.147649353367
328 0.840258458107 0.106306710045
329 0.828004971868 0.158692389181
330 0.899191651589 0.172251702756
331 0.645680436955 0.20929633481
332 0.925696257987 0.211090483177
