1 0.0
2 0.0
3 0.0
4 0.0007596442612616645
5 0.0
6 0.0
7 0.0
8 0.17006973867446298
9 6.103329366169245e-06
10 6.103329366169245e-06
11 0.0
12 0.0
13 0.06529952088864475
14 0.0
15 0.0
16 0.0009607836101001456
17 0.0
18 0.0
19 0.0
20 0.0
21 0.0
22 4.6995636119503196e-05
23 0.0
24 0.0
25 0.0
26 0.01560027118163282
27 0.0
28 0.0
29 0.002404430880701304
30 0.0
31 0.00022704385242149587
32 6.103329366169245e-06
33 0.005796942231987549
34 0.0
35 9.154994049253868e-06
36 9.154994049253868e-06
37 0.0
38 9.154994049253868e-06
39 0.0
40 0.00015901095701166104
41 0.0
42 0.0
43 0.0
44 0.0
45 0.008147586252670872
46 0.000137103416438381
47 0.09281838103560958
48 2.197198571820928e-05
49 1.220665873233849e-05
50 0.0009995787073158238
51 0.0
52 0.0
53 3.2216860011421945e-05
54 2.9753730660075078e-05
55 0.0001616266695971622
56 3.4178644450547774e-05
57 1.5258323415423112e-05
58 6.863537349667534e-05
59 0.0005261411782559378
60 0.0002017646717609015
61 2.615712585501105e-06
62 0.0009995787073158238
63 0.0008566092693014236
64 0.0
65 0.04360847000650688
66 1.220665873233849e-05
67 0.06515530507261198
68 1.3427324605572341e-05
69 6.103329366169245e-06
70 9.070225585834851e-06
71 0.00031791988278301564
72 4.060040839234324e-06
73 2.8990814489303915e-05
74 0.00021984083934285342
75 0.0012984777095204334
76 0.0006745025517161163
77 3.0516646830846227e-06
78 0.0
79 0.0
80 7.163420710607532e-05
81 0.00016320857655212795
82 0.0005065613771626041
83 0.007291474931439889
84 0.0
85 0.0014506164776072845
86 0.0
87 4.577497024626934e-06
88 0.0
89 0.0
90 0.0003015221092787612
91 5.451310334353215e-06
92 5.928273525070112e-05
93 0.0
94 0.0031567047478438157
95 6.255598893637055e-05
96 4.877135335800538e-05
97 6.103329366169245e-06
98 0.0
99 2.444686900042304e-06
100 1.739448869358235e-05
101 9.397621383757258e-05
102 0.0001040821101244062
103 0.0
104 0.0002531746616354492
105 0.0
106 7.629161707711556e-06
107 0.0
108 0.00011287543555645446
109 0.004329377379413338
110 0.0
111 7.115683303543783e-05
112 0.032100000070892414
113 0.0
114 0.0
115 0.0
116 3.661997619701547e-05
117 0.0
118 0.20830586985886942
119 0.00020490955565941946
120 0.00016316707630038878
121 0.0
122 0.0
123 0.0040514390359233515
124 0.0
125 0.0003638076099048432
126 3.004464348380012e-05
127 0.0
128 0.00020868371430329103
129 0.0
130 0.0005848126065056176
131 0.002259516135619594
132 0.0
133 0.00033241258067685895
134 0.0
135 0.0
136 0.00016590883660370063
137 0.00021168316369131135
138 9.154994049253868e-06
139 0.006072178470796755
140 7.629161707711556e-06
141 0.0
142 0.007522699503561161
143 0.00016111664422683135
144 0.048750288135131666
145 0.0
146 0.002684610791546426
147 0.015026416479797059
148 8.87506453136216e-05
149 0.0
150 0.007148385980907336
151 0.00032429457418498714
152 0.0693048644517428
153 2.908301878284741e-06
154 0.0019030947220750503
155 0.0011804147223784288
156 0.0
157 0.0010423204061139578
158 0.002971529843214203
159 6.576765586896363e-05
160 0.0
161 0.002964976029068843
162 0.012634379043303112
163 0.006049095037838021
164 0.0
165 0.0
166 0.04571015820715877
167 0.005911981306369492
168 1.106743846728336e-05
169 0.0001649273836341694
170 7.597862582756842e-06
171 2.441331746467698e-05
172 0.001404811113360305
173 0.0
174 0.011554233487661202
175 0.0
176 0.007696425407729464
177 0.013035642835842598
178 0.0
179 0.0008413419603104262
180 0.0
181 0.006042296072507553
182 0.08154651640084307
183 0.0025415831757175356
184 0.0
185 0.0
186 8.341547067171896e-06
187 0.0
188 0.0
189 0.00012273211308416244
190 0.0
191 0.0
192 0.00018470010304397498
193 0.0
194 0.0
195 0.0
196 0.0
197 0.00048197118328029256
198 0.00042943457924126966
199 0.0
200 0.0
201 0.09422863574735518
202 0.000894837834915287
203 0.0008160700877829567
204 2.9823086675599724e-05
205 0.0
206 0.0003853892046320198
207 0.0
208 0.0
209 0.0
210 0.0
211 0.0
212 1.4206768164312501e-05
213 0.007199365517154763
214 0.0
215 0.0
216 0.0006888269859920881
217 0.005175563143816666
218 0.0013651770722077389
219 0.004123677328661634
220 0.0
221 0.011858445329477746
222 5.9048080244744356e-05
223 0.0
224 3.0516646830846227e-06
225 0.0005035747512243023
226 0.0
227 0.0
228 0.0
229 0.0003884207684798057
230 0.054287952865022
231 0.0
232 0.008739048423353258
233 0.003153147031692112
234 0.0
235 0.0
236 0.0
237 3.9804321953277685e-07
238 0.0
239 0.0003271964740898625
240 7.2855228066023055e-06
241 0.0
242 6.365623735056656e-05
243 0.0
244 0.0
245 0.00021557146787898172
246 0.0008700913579250863
247 0.0
248 0.0351304533315159
249 0.00021303064821022875
250 3.796243589224701e-05
251 1.927367168263972e-05
252 0.0
253 0.0004868694023853406
254 4.825099687467801e-05
255 0.07149967942367383
256 0.0012415396614845206
257 0.0
258 0.02577237580325061
259 2.288748512313467e-06
260 2.1457361393061023e-05
261 0.15319554114303377
262 0.0001917041933520923
263 0.002389167024423867
264 0.0
265 0.0
266 0.00013000383175070044
267 1.2381039571371898e-05
268 0.0
269 0.0
270 0.0
271 4.6036413663837604e-05
272 5.1118304140656786e-05
273 0.001005817438820137
274 0.000163070925636155
275 4.001150223034955e-05
276 0.0013065639293622221
277 0.0
278 0.0
279 0.0
280 0.0
281 0.0001269210856099544
282 0.0
283 0.00018712787428032198
284 0.0008721333960184376
285 0.0
286 6.605481557215776e-05
287 0.0
288 0.0017785690904904834
289 0.0
290 0.0
291 0.0
292 0.0012631775942594503
293 0.01685848560790922
294 0.0
295 0.0
296 0.00251879224165372
297 0.0010521686457177074
298 2.288748512313467e-06
299 0.006146269241162811
300 8.084234511329439e-06
301 0.0018568912016864488
302 0.0
303 0.0
304 0.0
305 2.857746191517372e-06
306 0.00010604930450095932
307 0.0004631106758662988
308 0.0
309 0.0
310 0.0019861344753452255
311 0.007349295914159497
312 0.0
313 0.06812667347801997
314 0.0
315 0.0
316 0.003064376483242881
317 6.103329366169245e-06
318 0.0005831226553382455
319 0.0
320 0.0
321 0.00720981659765508
322 3.518015380707479e-05
323 0.0
324 9.154994049253868e-06
325 5.533238161636954e-06
326 0.0
327 0.006051451066556806
328 0.0
329 0.023958619426897372
330 0.0
331 0.0
332 0.0
