1 0.3134469696969697
2 0.3134469696969697
3 0.31315042573320717
4 0.35861321776814736
5 0.31315042573320717
6 0.3167464114832536
7 0.3167464114832536
8 0.45467032967032966
9 0.2432035268185158
10 0.2432035268185158
11 0.24302496328928047
12 0.24302496328928047
13 0.32011605415860733
14 0.24266862170087977
15 0.24266862170087977
16 0.3134469696969697
17 0.24302496328928047
18 0.24266862170087977
19 0.24302496328928047
20 0.24302496328928047
21 0.24266862170087977
22 0.2654370489174018
23 0.31315042573320717
24 0.31315042573320717
25 0.26501200960768617
26 0.3601741022850925
27 0.31285444234404536
28 0.31315042573320717
29 0.3476890756302521
30 0.31315042573320717
31 0.26565008025682185
32 0.25859375
33 0.3476890756302521
34 0.31315042573320717
35 0.3134469696969697
36 0.3134469696969697
37 0.31315042573320717
38 0.3134469696969697
39 0.35100742311770944
40 0.34018499486125386
41 0.3633369923161361
42 0.34515119916579773
43 0.35100742311770944
44 0.35100742311770944
45 0.41951837769328265
46 0.3637362637362637
47 0.5262321144674086
48 0.3480546792849632
49 0.34659685863874345
50 0.37024608501118567
51 0.3889541715628672
52 0.35100742311770944
53 0.3669623059866962
54 0.35325506937033085
55 0.3405349794238683
56 0.3491561181434599
57 0.3795871559633027
58 0.35363247863247865
59 0.36214442013129106
60 0.3498942917547569
61 0.2971274685816876
62 0.37024608501118567
63 0.36983240223463687
64 0.32610837438423645
65 0.4811046511627907
66 0.32610837438423645
67 0.5399673735725938
68 0.3839907192575406
69 0.3795871559633027
70 0.38002296211251435
71 0.3866822429906542
72 0.3912529550827423
73 0.38045977011494253
74 0.35900216919739697
75 0.3744343891402715
76 0.3912529550827423
77 0.3795871559633027
78 0.38354577056778677
79 0.38354577056778677
80 0.3935790725326992
81 0.40613496932515336
82 0.400726392251816
83 0.41635220125786165
84 0.3795871559633027
85 0.37871853546910755
86 0.3566810344827586
87 0.3257874015748031
88 0.3782857142857143
89 0.32011605415860733
90 0.402187120291616
91 0.40663390663390664
92 0.41271820448877805
93 0.3853317811408615
94 0.46685472496473907
95 0.4132334581772784
96 0.3912529550827423
97 0.3031135531135531
98 0.33741080530071355
99 0.3964071856287425
100 0.3866822429906542
101 0.40316686967113274
102 0.3853317811408615
103 0.34018499486125386
104 0.33879222108495394
105 0.3487881981032666
106 0.39311163895486934
107 0.37871853546910755
108 0.35401069518716577
109 0.48391812865497075
110 0.34479166666666666
111 0.3907910271546635
112 0.5237341772151899
113 0.3419421487603306
114 0.3782857142857143
115 0.34018499486125386
116 0.32675222112537017
117 0.3398357289527721
118 0.6073394495412844
119 0.4401595744680851
120 0.39735894357743096
121 0.2858376511226252
122 0.2788542544229149
123 0.44133333333333336
124 0.34842105263157896
125 0.40514075887392903
126 0.39451728247914186
127 0.39451728247914186
128 0.4189873417721519
129 0.3964071856287425
130 0.39593301435406697
131 0.4762589928057554
132 0.3645374449339207
133 0.4321148825065274
134 0.37871853546910755
135 0.28242320819112626
136 0.38987043580683156
137 0.39783653846153844
138 0.3487881981032666
139 0.39311163895486934
140 0.39311163895486934
141 0.32675222112537017
142 0.3997584541062802
143 0.400726392251816
144 0.5076687116564417
145 0.3853317811408615
146 0.45467032967032966
147 0.4932935916542474
148 0.3935790725326992
149 0.3997584541062802
150 0.48040638606676345
151 0.354389721627409
152 0.5139751552795031
153 0.41271820448877805
154 0.38578088578088576
155 0.37915234822451316
156 0.3398357289527721
157 0.400726392251816
158 0.3921800947867299
159 0.4442953020134228
160 0.34659685863874345
161 0.4425133689839572
162 0.48180494905385735
163 0.3862310385064177
164 0.3853317811408615
165 0.3480546792849632
166 0.5245641838351822
167 0.4616457461645746
168 0.4111801242236025
169 0.4338138925294889
170 0.36056644880174293
171 0.2831479897348161
172 0.47218259629101283
173 0.40415140415140416
174 0.47017045454545453
175 0.34443288241415193
176 0.4932935916542474
177 0.48180494905385735
178 0.3480546792849632
179 0.4479025710419486
180 0.34623430962343094
181 0.4132334581772784
182 0.5287539936102237
183 0.4472972972972973
184 0.37699316628701596
185 0.3480546792849632
186 0.39311163895486934
187 0.3398357289527721
188 0.2926613616268789
189 0.4304291287386216
190 0.3415892672858617
191 0.39171597633136096
192 0.402676399026764
193 0.3480546792849632
194 0.30934579439252335
195 0.34659685863874345
196 0.34623430962343094
197 0.43783068783068785
198 0.41951837769328265
199 0.3487881981032666
200 0.2833904109589041
201 0.533011272141707
202 0.4238156209987196
203 0.44972826086956524
204 0.3912529550827423
205 0.3487881981032666
206 0.37485843714609285
207 0.34659685863874345
208 0.33434343434343433
209 0.34659685863874345
210 0.3398357289527721
211 0.34623430962343094
212 0.4282018111254851
213 0.39498806682577564
214 0.3517534537725824
215 0.3637362637362637
216 0.4265463917525773
217 0.47218259629101283
218 0.42327365728900257
219 0.49255952380952384
220 0.3685968819599109
221 0.4472972972972973
222 0.420584498094028
223 0.35363247863247865
224 0.37871853546910755
225 0.4254498714652956
226 0.3685968819599109
227 0.3377551020408163
228 0.34842105263157896
229 0.4012121212121212
230 0.5092307692307693
231 0.33434343434343433
232 0.47421203438395415
233 0.4479025710419486
234 0.35363247863247865
235 0.338100102145046
236 0.34842105263157896
237 0.357451403887689
238 0.3377551020408163
239 0.3889541715628672
240 0.4111801242236025
241 0.35706580366774543
242 0.3871345029239766
243 0.34300518134715025
244 0.34443288241415193
245 0.4071340713407134
246 0.4597222222222222
247 0.35706580366774543
248 0.5245641838351822
249 0.39735894357743096
250 0.4254498714652956
251 0.3875878220140515
252 0.35325506937033085
253 0.4534246575342466
254 0.35939196525515743
255 0.5355987055016181
256 0.4254498714652956
257 0.35706580366774543
258 0.5015151515151515
259 0.35476956055734193
260 0.3983152827918171
261 0.5544388609715243
262 0.3391393442622951
263 0.48180494905385735
264 0.33434343434343433
265 0.3491561181434599
266 0.37024608501118567
267 0.37024608501118567
268 0.35706580366774543
269 0.357451403887689
270 0.357451403887689
271 0.37232845894263217
272 0.35476956055734193
273 0.420584498094028
274 0.4200507614213198
275 0.35939196525515743
276 0.4270967741935484
277 0.35706580366774543
278 0.35706580366774543
279 0.35706580366774543
280 0.35706580366774543
281 0.37699316628701596
282 0.35706580366774543
283 0.37232845894263217
284 0.42987012987012985
285 0.3219844357976654
286 0.3774230330672748
287 0.356297093649085
288 0.4265463917525773
289 0.3491561181434599
290 0.35783783783783785
291 0.35706580366774543
292 0.4584487534626039
293 0.49402985074626865
294 0.35706580366774543
295 0.35363247863247865
296 0.4326797385620915
297 0.4355263157894737
298 0.35939196525515743
299 0.4769452449567723
300 0.35978260869565215
301 0.4534246575342466
302 0.3264299802761341
303 0.3582251082251082
304 0.35706580366774543
305 0.4282018111254851
306 0.43324607329842935
307 0.4401595744680851
308 0.35900216919739697
309 0.35783783783783785
310 0.4436997319034853
311 0.4769452449567723
312 0.3235581622678397
313 0.4762589928057554
314 0.3235581622678397
315 0.3235581622678397
316 0.36736958934517205
317 0.3238747553816047
318 0.357451403887689
319 0.3235581622678397
320 0.3346814964610718
321 0.4265463917525773
322 0.35783783783783785
323 0.29927667269439423
324 0.3353596757852077
325 0.34018499486125386
326 0.3229268292682927
327 0.24646314221891288
328 0.24609665427509295
329 0.3254670599803343
330 0.24609665427509295
331 0.3491561181434599
332 0.19784817692767484
