0 0.5823529411764706
1 0.5469613259668509
2 0.4520547945205479
3 0.38823529411764707
4 0.5857988165680473
5 0.5657142857142857
6 0.559322033898305
7 0.6036585365853658
8 0.5129533678756477
9 0.526595744680851
10 0.5129533678756477
11 0.6036585365853658
12 0.532258064516129
13 0.5380434782608695
14 0.526595744680851
15 0.5
16 0.4669811320754717
17 0.4900990099009901
18 0.5025380710659898
19 0.5051020408163265
20 0.48058252427184467
21 0.518324607329843
22 0.43612334801762115
23 0.4583333333333333
24 0.5076923076923077
25 0.46261682242990654
26 0.5051020408163265
27 0.4782608695652174
28 0.4541284403669725
29 0.4541284403669725
30 0.4541284403669725
31 0.45622119815668205
32 0.44594594594594594
33 0.48058252427184467
34 0.4669811320754717
35 0.42857142857142855
36 0.46261682242990654
37 0.4714285714285714
38 0.4520547945205479
39 0.4419642857142857
40 0.4604651162790698
41 0.4439461883408072
42 0.4342105263157895
43 0.4876847290640394
44 0.43805309734513276
45 0.43805309734513276
46 0.4194915254237288
47 0.4479638009049774
48 0.4604651162790698
49 0.45
50 0.44
51 0.41422594142259417
52 0.42857142857142855
53 0.42127659574468085
54 0.4604651162790698
55 0.4419642857142857
56 0.47368421052631576
57 0.4439461883408072
58 0.4267241379310345
59 0.47596153846153844
60 0.4647887323943662
61 0.396
62 0.43231441048034935
63 0.43043478260869567
64 0.45
65 0.43612334801762115
66 0.4342105263157895
67 0.44
68 0.4267241379310345
69 0.42127659574468085
70 0.4520547945205479
71 0.42857142857142855
72 0.4177215189873418
73 0.42127659574468085
74 0.4074074074074074
75 0.391304347826087
76 0.4267241379310345
77 0.43231441048034935
78 0.3852140077821012
79 0.41596638655462187
80 0.4230769230769231
81 0.4074074074074074
82 0.4107883817427386
83 0.4194915254237288
84 0.43231441048034935
85 0.4248927038626609
86 0.4024390243902439
87 0.396
88 0.4479638009049774
89 0.41596638655462187
90 0.4419642857142857
91 0.3944223107569721
92 0.3944223107569721
93 0.4074074074074074
94 0.42857142857142855
95 0.4090909090909091
96 0.42857142857142855
97 0.42857142857142855
98 0.3944223107569721
99 0.4248927038626609
