0 64
0 66
0 67
0 68
0 5
0 6
0 7
0 12
0 13
0 14
0 17
0 20
0 23
0 88
0 89
0 71
0 28
0 29
0 96
0 33
0 34
0 90
0 70
0 40
0 43
0 48
0 52
0 56
0 84
0 58
0 59
0 60
1 32
1 64
1 35
1 5
1 6
1 7
1 8
1 9
1 10
1 71
1 12
1 13
1 47
1 20
1 94
1 22
1 24
1 54
1 30
1 31
2 17
2 5
2 6
2 25
2 9
2 95
2 28
2 29
2 15
3 5
3 6
4 64
4 83
4 5
4 7
4 8
4 9
4 10
4 11
4 13
4 14
4 15
4 16
4 18
4 19
4 25
4 26
4 27
4 28
4 90
4 30
4 97
4 34
4 37
4 38
4 42
4 45
4 79
4 55
4 60
5 86
5 6
5 7
5 8
5 9
5 77
5 16
5 20
5 73
5 24
5 26
5 28
5 29
5 34
5 41
5 44
5 72
5 55
5 56
5 63
6 70
6 7
6 8
6 11
6 12
6 13
6 19
6 27
6 28
6 93
6 95
6 32
6 67
6 65
6 39
6 48
6 52
6 55
6 56
6 57
6 59
7 66
7 65
7 8
7 9
7 10
7 11
7 94
7 14
7 80
7 17
7 18
7 19
7 85
7 88
7 25
7 26
7 69
7 31
7 33
7 36
7 38
7 44
7 48
7 49
7 50
7 51
7 53
7 54
7 59
7 62
8 96
8 54
8 10
8 76
8 50
8 52
8 22
8 38
8 29
8 31
9 75
9 41
9 10
9 11
9 12
9 14
9 48
9 46
9 22
9 23
9 68
9 58
9 94
9 31
10 35
10 37
10 11
10 93
10 19
10 26
10 61
11 12
11 13
11 14
11 15
11 16
11 17
11 18
11 19
11 21
11 73
11 24
11 25
11 26
11 27
11 29
11 32
11 33
11 99
11 77
11 97
11 40
11 42
11 47
11 76
11 49
11 55
11 59
11 74
11 63
12 82
12 69
12 40
12 50
12 15
12 16
12 81
12 18
12 20
12 85
12 22
12 90
12 60
12 62
13 70
13 33
13 72
13 41
13 16
13 18
13 51
13 84
13 21
13 23
13 24
13 36
13 61
13 30
14 65
14 98
14 37
14 46
14 15
14 50
14 53
14 41
14 24
14 27
15 96
15 33
15 47
15 80
15 17
15 21
15 87
15 56
15 89
15 27
15 92
16 68
16 45
16 44
16 63
16 21
17 97
17 67
17 69
17 22
17 75
17 45
18 68
18 37
18 44
18 47
18 20
18 87
18 88
18 39
19 80
19 35
19 69
19 40
19 43
19 45
19 82
19 21
19 89
19 74
20 99
20 81
20 57
20 98
20 46
21 32
21 34
21 43
21 36
21 38
21 99
21 82
21 85
21 54
21 23
21 56
21 25
21 30
22 68
22 87
22 23
23 48
23 88
23 75
23 86
23 95
24 34
24 35
24 42
24 43
24 91
24 58
24 31
24 93
24 30
24 37
25 32
25 49
25 58
25 92
26 70
26 71
26 45
26 78
26 49
26 36
26 91
26 92
26 39
27 43
27 53
27 57
27 78
28 73
28 78
29 67
30 35
30 88
30 74
30 62
30 79
31 92
31 75
31 60
31 77
32 73
33 52
33 47
33 74
33 63
34 36
34 52
35 67
35 39
35 42
35 61
36 64
36 49
36 42
36 66
36 87
36 46
37 64
37 96
37 38
37 70
37 39
37 97
37 57
37 91
37 95
38 53
39 72
39 55
39 40
39 76
39 82
40 76
40 41
41 65
41 51
41 71
42 91
42 58
43 99
43 44
43 46
43 80
43 50
43 84
43 54
43 57
43 62
45 51
45 81
46 89
46 60
47 51
47 65
47 93
48 53
48 63
49 87
49 76
50 80
50 66
50 61
53 75
53 84
53 95
54 98
54 83
54 62
54 79
56 81
56 59
56 61
56 93
57 81
57 72
57 73
57 78
57 79
58 74
59 86
60 98
60 71
60 72
60 84
62 86
63 94
63 79
64 89
65 66
65 69
65 90
67 83
68 77
70 97
70 98
70 85
73 82
76 90
76 77
77 96
77 92
77 78
79 83
81 83
83 86
83 91
83 94
84 85
87 99
