0 0.425568282063 0.3454503667
1 0.440326313924 0.372225211077
2 0.633826985579 0.460075320569
3 1.0 0.328196146506
4 0.483703158024 0.388641438108
5 0.578983564662 0.417005229887
6 0.565426385999 0.370047402
7 0.366193731039 0.384582312534
8 0.50207927789 0.296264726337
9 0.436236669403 0.423584294692
10 0.44824802231 0.210929425572
11 0.516987008034 0.314493984707
12 0.331251433662 0.385962612574
13 0.340033265609 0.351123913195
14 0.299322923849 0.468422605392
15 0.417526410149 0.269170913318
16 0.451932178979 0.464133601373
17 0.396086529643 0.472340664928
18 0.349774087823 0.300047499217
19 0.361040651033 0.239336708265
20 0.264064916941 0.532439137714
21 0.407384666031 0.377951042473
22 0.305730919573 0.302886636565
23 0.369753926939 0.562986792647
24 0.537387035449 0.28628040027
25 0.603984672779 0.233213470004
26 0.514569790897 0.357349740008
27 0.501561934457 0.514554399384
28 0.717165597976 0.484285670675
29 0.717623146631 0.362290164535
30 0.379438338396 0.34821993047
31 0.556207721851 0.457215549939
32 0.693604407492 0.321859945357
33 0.500964499267 0.196660293632
34 0.568379904141 0.187857254547
35 0.524822913561 0.154306655554
36 0.360501951141 0.179861460008
37 0.50914136067 0.433599888545
38 0.426225248772 0.549727616746
39 0.62093466214 0.261034727088
40 0.445694396377 0.134726755528
41 0.255553729406 0.307479698516
42 0.647451141336 0.164037433885
43 0.289719059786 0.436912785691
44 0.320703282726 0.526519334496
45 0.260984510234 0.404779873029
46 0.147343126291 0.392678365545
47 0.33863073805 0.125393222487
48 0.485799496326 0.592816057113
49 0.480522840769 0.0908501467912
50 0.21649347791 0.247601388225
51 0.108014906324 0.253281827417
52 0.681353189986 0.0962012489913
53 0.354620218024 0.686997212185
54 0.332208841041 0.619394121023
55 0.768157925968 0.329354864464
56 0.46936545123 0.274066421669
57 0.556094095325 0.587297241649
58 0.580474905408 0.108760534479
59 0.566664358263 0.511617488281
60 0.246184878738 0.579269337556
61 0.327257214421 0.0559865577736
62 0.267727380072 0.629871084468
63 0.642657132764 0.518038300295
64 0.311536685993 0.217346517324
65 0.255387977161 0.210460825421
66 0.192081790526 0.127928314452
67 0.664228972025 0.418101397462
68 0.527514624589 0.239570914881
69 0.135708069768 0.333244752271
70 0.299974631227 0.577187620429
71 0.219267409841 0.447958817222
72 0.498705823062 0.553718224576
73 0.784940764947 0.458653921943
74 0.46023832788 0.0248475584418
75 0.427696297419 0.714815460167
76 0.66793255418 0.0
77 0.755771221437 0.268436066533
78 0.770571322816 0.536066472546
79 0.519111894887 0.662727116481
80 0.149904635615 0.234872809606
81 0.39493465182 0.603346296884
82 0.621329417219 0.327279420519
83 0.62139583428 0.646404733028
84 0.1682021231 0.571394800108
85 0.131224338703 0.512788622803
86 0.50994194088 0.740666694567
87 0.251118902892 0.0888218461444
88 0.175559939543 0.437717453232
89 0.171513726593 0.175112112969
90 0.408379347295 0.0962003467708
91 0.751894364271 0.407066995084
92 0.730698522394 0.218603365215
93 0.550456242601 0.0424711942555
94 0.606560660721 0.590168942928
95 0.577359370219 0.676913725407
96 0.667774698645 0.220653200664
97 0.457509682663 0.626441084437
98 0.0 0.862527378955
99 0.188208300311 0.310238113807
