0 0.10375625327516977
1 0.03346551520392383
2 0.005401642124049559
3 0.0
4 0.07638304607353837
5 0.06457894037402517
6 0.06805043190754331
7 0.11853423694700299
8 0.019503759091136243
9 0.03320151415499358
10 0.011845842566143596
11 0.10313663307852101
12 0.037777047590025856
13 0.03536393734049317
14 0.022330518026737987
15 0.027111087965437472
16 0.006395227329353702
17 0.01420003494283709
18 0.01704332626967906
19 0.023405093987677615
20 0.012019714139312895
21 0.029143522076465367
22 0.00520058055575133
23 0.011329916639584091
24 0.022020768282132203
25 0.007250880098320161
26 0.027707199751085206
27 0.008076246993727516
28 0.00499766805592166
29 0.0015685719657898638
30 0.008548438676271308
31 0.009312821015940649
32 0.0014184223301442753
33 0.006447003055882443
34 0.003055841679228832
35 0.006043859067876464
36 0.011528755668384334
37 0.019360398092141125
38 0.0020521055546021782
39 0.009790833963772675
40 0.0036603923706470284
41 0.004410934397489941
42 0.004081238980994597
43 0.020229187312749537
44 0.0009943734113657269
45 0.004729582990818904
46 0.003591740044365613
47 0.0049986648744715185
48 0.003148465623831477
49 0.003473126832130722
50 0.004974702505078291
51 0.00179272818076658
52 0.0007139061125488231
53 0.005609397831011877
54 0.008883887318865778
55 0.0005303798141078807
56 0.009483920869752575
57 0.012209343317264951
58 0.003157053083897825
59 0.0032149557917440824
60 0.009393180571771624
61 0.0017132618651695176
62 0.0033066934065212163
63 0.0039017073455968627
64 0.002702500480102679
65 0.004620597996415488
66 0.001118876530280326
67 0.004187346995478154
68 0.002448670203082561
69 0.0008534002844725538
70 0.007211874537543103
71 0.0014368917641710008
72 0.0020271676928417743
73 0.0029441102106355014
74 0.001473510235968828
75 0.0012499048567702503
76 0.0033187186435913326
77 0.007638671546379763
78 0.0017901900487949263
79 0.0028247305602537268
80 0.0007362419836500375
81 0.0035724066307862134
82 0.001843327552120886
83 0.007583417251431186
84 0.0025979740729276907
85 0.0016057375063657001
86 0.0025981727540820075
87 0.00246877175409666
88 0.0013336807728200652
89 0.00164474192195162
90 0.0021589541298301994
91 0.0018137347865889995
92 0.001453112536132527
93 0.0011444752709440398
94 0.0020457274402472894
95 0.002197180879728721
96 0.0018300007577214882
97 0.0011459972421661029
98 0.0015036738472763596
99 0.0021208607931478894
