0 0.08937158205865688
1 0.01620818426631661
2 0.05873355726478791
3 0.020186083528693298
4 0.020547421382300795
5 0.0049451504769995784
6 0.030466047843908096
7 0.017892399865188976
8 0.0036753999339033364
9 0.019543924089378637
10 0.037493370254656586
11 0.022626590638340792
12 0.06892713095557872
13 0.030155023290459274
14 0.08030809177995325
15 0.011748505966193042
16 0.080307707936032
17 0.03305741247918117
18 0.05856953520837258
19 0.02801453739920036
20 0.02365313172363266
21 0.02295911674390339
22 0.012660128986659597
23 0.009285845170198911
24 0.06141811645831438
25 0.0030952693290355626
26 0.04538823312787444
27 0.008805119844080882
28 0.0038635538171716286
29 0.021650207256267862
30 0.010662977623398155
31 0.027130623219058587
32 0.0403706688647938
33 0.021551439238514065
34 0.03718446056108393
35 0.05567033232463038
36 0.044742675153930586
37 0.004613685519684282
38 0.012706221147779586
39 0.03066697840971188
40 0.004552816797714757
41 0.04496849550962106
42 0.007881462086780576
43 0.0020872951918097246
44 0.014172171995301248
45 0.030274364427116444
46 0.025151320312111907
47 0.019040093189753055
48 0.02444111295379075
49 0.009311858461518325
50 0.010858104766577246
51 0.05267192723902681
52 0.03598389745575893
53 0.036193419604056566
54 0.019508183701133608
55 0.04728245139500548
56 0.022240389881082522
57 0.021590201182037912
58 0.014998561071535715
59 0.008699237270665842
60 0.047685890233818494
61 0.01452065193561793
62 0.05271029790201095
63 0.013211569117567877
64 0.00429463456674341
65 0.023700851932144443
66 0.020398344068721312
67 0.021845331539209093
68 0.0
69 0.008454894586620007
70 0.001077930406934736
71 0.02742753249865186
72 0.016859066859066858
73 0.04307540017187512
74 0.03612631155921199
75 0.0067714352346386975
76 0.03367892042907505
77 0.03431016291251294
78 0.0510724273092857
79 0.005082244538026852
80 0.018599763575026407
81 0.009945041902370288
82 0.047981480943756746
83 0.009737151233749875
84 0.002775569102099714
85 0.017269077380394633
86 0.013412394998665868
87 0.006337426745590011
88 0.04440503036668774
89 0.005097623464970403
90 0.007842271107577226
91 0.03116529591483209
92 0.01925335309689051
93 0.018306760808306875
94 0.006557803496579007
95 0.016067827817982425
96 0.002621140283477945
97 0.0319015262892814
98 0.027496316642884364
99 0.01125364877683987
