0 0.35106382978723405
1 0.276536312849162
2 0.35231316725978645
3 0.2836676217765043
4 0.28448275862068967
5 0.27123287671232876
6 0.3065015479876161
7 0.2990936555891239
8 0.2682926829268293
9 0.2972972972972973
10 0.2964071856287425
11 0.2836676217765043
12 0.32781456953642385
13 0.2920353982300885
14 0.3498233215547703
15 0.2647058823529412
16 0.34615384615384615
17 0.3046153846153846
18 0.31528662420382164
19 0.3113207547169811
20 0.2990936555891239
21 0.3
22 0.27808988764044945
23 0.2773109243697479
24 0.3018292682926829
25 0.24937027707808565
26 0.3018292682926829
27 0.2647058823529412
28 0.25984251968503935
29 0.2955223880597015
30 0.2773109243697479
31 0.3046153846153846
32 0.3193548387096774
33 0.26756756756756755
34 0.31230283911671924
35 0.309375
36 0.3055555555555556
37 0.28530259365994237
38 0.27049180327868855
39 0.3103448275862069
40 0.2544987146529563
41 0.3235294117647059
42 0.26052631578947366
43 0.25984251968503935
44 0.275
45 0.308411214953271
46 0.3103448275862069
47 0.27197802197802196
48 0.31230283911671924
49 0.2920353982300885
50 0.27197802197802196
51 0.3413793103448276
52 0.31329113924050633
53 0.31329113924050633
54 0.28205128205128205
55 0.32459016393442625
56 0.28125
57 0.28205128205128205
58 0.3009118541033435
59 0.275
60 0.31629392971246006
61 0.2668463611859838
62 0.3235294117647059
63 0.28695652173913044
64 0.28285714285714286
65 0.2964071856287425
66 0.3018292682926829
67 0.28695652173913044
68 0.2475
69 0.2584856396866841
70 0.2796610169491525
71 0.31230283911671924
72 0.28695652173913044
73 0.29819277108433734
74 0.3289036544850498
75 0.27197802197802196
76 0.29376854599406527
77 0.2877906976744186
78 0.33221476510067116
79 0.2757660167130919
80 0.2972972972972973
81 0.2773109243697479
82 0.3256578947368421
83 0.2551546391752577
84 0.25190839694656486
85 0.2886297376093295
86 0.27887323943661974
87 0.25384615384615383
88 0.33221476510067116
89 0.275
90 0.2619047619047619
91 0.3113207547169811
92 0.29376854599406527
93 0.29289940828402367
94 0.25255102040816324
95 0.28205128205128205
96 0.2625994694960212
97 0.3009118541033435
98 0.2972972972972973
99 0.2886297376093295
