0 32
0 48
0 35
0 22
0 7
0 88
0 78
1 96
1 18
1 57
1 46
2 14
2 39
2 74
2 60
2 78
2 31
3 56
3 17
3 34
3 27
4 68
4 10
4 36
4 21
5 18
5 20
6 38
6 11
6 53
6 14
7 72
7 17
8 51
8 47
9 80
9 90
9 51
9 60
10 26
10 42
10 29
10 54
11 56
11 69
11 57
12 96
12 99
12 19
12 46
12 71
12 79
12 78
12 63
13 50
13 58
13 67
13 93
13 15
14 34
14 51
14 85
14 55
14 91
15 83
15 97
16 82
16 51
16 37
16 39
16 41
16 92
16 62
17 65
17 85
17 26
18 86
18 88
18 26
18 45
18 46
19 59
19 51
19 35
20 54
20 55
20 74
21 43
21 78
21 55
22 33
23 73
23 62
23 89
24 81
24 69
24 60
24 76
24 93
24 94
24 95
25 85
25 86
26 27
26 44
27 61
28 35
28 77
29 71
29 60
30 65
30 50
30 91
31 99
31 67
31 71
31 75
32 81
32 91
32 51
32 93
33 87
33 76
33 94
33 47
34 80
34 66
34 59
35 80
35 40
35 61
36 97
36 68
36 82
36 41
36 50
37 46
38 40
38 98
39 75
39 43
39 91
41 49
41 98
41 55
42 61
42 54
44 83
44 92
45 52
45 95
45 63
46 88
47 84
47 55
48 64
48 66
48 62
49 72
49 78
52 64
52 53
52 56
52 82
53 64
53 65
53 66
53 71
54 73
56 83
57 66
57 67
58 82
58 74
58 62
59 90
60 84
62 86
62 88
62 89
63 72
65 97
67 95
70 88
70 78
72 77
73 82
73 87
73 76
74 97
74 88
75 81
76 77
77 90
77 98
79 91
80 92
87 94
89 97
98 99
