0 0.430534355098 0.615603591912
1 0.98504114669 0.620840028462
2 0.405624818724 0.387194825587
3 0.834362361366 0.869851261395
4 0.146545721552 0.266955610074
5 0.508598262257 0.351329582563
6 0.847524393244 0.721525664101
7 0.539087481924 0.849673448167
8 0.0369195010381 0.687684944206
9 0.246313365383 0.835108003255
10 0.233267036774 0.604428046005
11 0.99399233201 0.507206689589
12 0.612996237704 0.682772110218
13 0.71083336211 0.0431372006719
14 0.5622489151 0.622745483238
15 0.893393179258 0.187567172211
16 0.558860315951 0.441983636085
17 0.785144366454 0.707549458434
18 0.771206147305 0.516945285405
19 0.433149673333 0.887200350063
20 0.252724422886 0.295196422875
21 0.0490936503012 0.336707335381
22 0.0729930333459 0.601473582254
23 0.494901972001 0.0
24 0.348582747946 0.224752435991
25 0.971836062267 0.664525769395
26 0.632043059471 0.756275064269
27 0.606422995678 0.986539764606
28 0.196648317333 0.895754941251
29 0.359671433084 0.58317106047
30 0.787108290793 0.0893413210649
31 0.566130740853 0.260202318737
32 0.378417395606 0.311676057825
33 0.00848849661321 0.401372293524
34 0.696363568883 0.894973481371
35 0.372020020982 0.961739127637
36 0.389940435887 0.133964263118
37 0.850804746422 0.42546729849
38 0.667989589564 0.959857421793
39 0.395022664987 0.201276586572
40 0.541165552161 0.996348279408
41 0.324756804485 0.48367243186
42 0.077101068433 0.764842653545
43 0.137393979797 0.152002277952
44 0.923231363873 0.757169188192
45 0.728192742848 0.403912763204
46 0.821184612145 0.572758090968
47 0.0 0.525508512663
48 0.775571656051 0.458349702702
49 0.178678651389 0.705360164645
50 0.577812346388 0.00267494982206
51 0.333983921427 0.647292816822
52 0.902212878076 0.311279308625
53 0.918302078442 0.493840773246
54 0.0743632552047 0.460322187209
55 0.202755461371 0.465609845469
56 0.993252341483 0.582795118071
57 0.994357712701 0.419130004559
58 0.621572160972 0.0119427460144
59 0.449088356244 0.995444410832
60 0.201813263347 0.527824725725
61 0.308937332827 0.960191625159
62 0.707105108007 0.212113014706
63 0.545161624474 0.714829188357
64 0.974867597564 0.338903666501
65 0.85767244747 0.322254323096
66 0.921532523573 0.654973192613
67 0.842661933163 0.14832807799
68 0.200907443463 0.095651981499
69 0.741746492471 0.274993435199
70 0.33699582446 0.391791768632
71 0.63589063086 0.505730974387
72 0.319665720918 0.861847431328
73 0.234061136971 0.187866841532
74 0.492451427711 0.17005476017
75 0.381466737344 0.0119194918462
76 0.112688922198 0.408428315703
77 0.150919427687 0.782397385305
78 0.291114588875 0.539211639872
79 0.700802222018 0.549719477078
80 0.498078537405 0.987742839874
81 0.277289825929 0.0494536279328
82 0.565148579865 0.171818966073
83 1.0 0.470931453024
84 0.00763662709025 0.588786432569
85 0.837991886416 0.812396631467
86 0.957870348261 0.392798107697
87 0.0567952585826 0.264169929387
88 0.602408923595 0.402552041888
89 0.661144667042 0.0232217335663
90 0.251464661033 0.932021157301
91 0.600341017737 0.321521565034
92 0.693053722389 0.800389571897
93 0.445225169492 0.0268204250285
94 0.0862466094553 0.21531915436
95 0.647567053451 0.146653493739
96 0.894238901593 0.805767183219
97 0.701034155054 0.0967397385696
98 0.397560720931 0.77272236572
99 0.506090820884 0.556873008394
