0 0.07764705882352942
1 0.07764705882352942
2 0.07764705882352942
3 0.07764705882352942
4 0.07764705882352942
5 0.07764705882352942
6 0.07764705882352942
7 0.07764705882352942
8 0.07764705882352942
9 0.07764705882352942
10 0.07764705882352942
11 0.07764705882352942
12 0.07764705882352942
13 0.07764705882352942
14 0.07764705882352942
15 0.07764705882352942
16 0.07764705882352942
17 0.07764705882352942
18 0.07764705882352942
19 0.07764705882352942
20 0.07764705882352942
21 0.07764705882352942
22 0.07764705882352942
23 0.07764705882352942
24 0.07764705882352942
25 0.07764705882352942
26 0.07764705882352942
27 0.07764705882352942
28 0.07764705882352942
29 0.07764705882352942
30 0.07764705882352942
31 0.07764705882352942
32 0.07764705882352942
33 0.07764705882352942
34 0.07764705882352942
35 0.07764705882352942
36 0.07764705882352942
37 0.07764705882352942
38 0.07764705882352942
39 0.07764705882352942
40 0.07764705882352942
41 0.07764705882352942
42 0.07764705882352942
43 0.07764705882352942
44 0.07764705882352942
45 0.07764705882352942
46 0.07764705882352942
47 0.07764705882352942
48 0.07764705882352942
49 0.07764705882352942
50 0.07764705882352942
51 0.07764705882352942
52 0.07764705882352942
53 0.07764705882352942
54 0.07764705882352942
55 0.07764705882352942
56 0.07764705882352942
57 0.07764705882352942
58 0.07764705882352942
59 0.07764705882352942
60 0.07764705882352942
61 0.07764705882352942
62 0.07764705882352942
63 0.07764705882352942
64 0.07764705882352942
65 0.07764705882352942
66 0.07764705882352942
67 0.07764705882352942
68 0.07764705882352942
69 0.07764705882352942
70 0.07764705882352942
71 0.07764705882352942
72 0.07764705882352942
73 0.07764705882352942
74 0.07764705882352942
75 0.07764705882352942
76 0.07764705882352942
77 0.07764705882352942
78 0.07764705882352942
79 0.07764705882352942
80 0.07764705882352942
81 0.07764705882352942
82 0.07764705882352942
83 0.07764705882352942
84 0.07764705882352942
85 0.07764705882352942
86 0.07764705882352942
87 0.07764705882352942
88 0.07764705882352942
89 0.07764705882352942
90 0.07764705882352942
91 0.07764705882352942
92 0.07764705882352942
93 0.07764705882352942
94 0.07764705882352942
95 0.07764705882352942
96 0.07764705882352942
97 0.07764705882352942
98 0.07764705882352942
99 0.07764705882352942
