0 0.12121212121212116
1 0.12121212121212116
2 0.12121212121212119
3 0.12121212121212119
4 0.1212121212121212
5 0.12121212121212119
6 0.1212121212121212
7 0.1212121212121212
8 0.1212121212121212
9 0.1212121212121212
10 0.1212121212121212
11 0.1212121212121212
12 0.1212121212121212
13 0.12121212121212119
14 0.12121212121212119
15 0.12121212121212119
16 0.1212121212121212
17 0.12121212121212119
18 0.1212121212121212
19 0.1212121212121212
20 0.12121212121212119
21 0.1212121212121212
22 0.12121212121212119
23 0.1212121212121212
24 0.12121212121212119
25 0.12121212121212119
26 0.12121212121212119
27 0.1212121212121212
28 0.12121212121212119
29 0.12121212121212119
30 0.12121212121212119
31 0.12121212121212116
32 0.12121212121212119
33 0.12121212121212116
34 0.1212121212121212
35 0.1212121212121212
36 0.1212121212121212
37 0.12121212121212119
38 0.1212121212121212
39 0.1212121212121212
40 0.1212121212121212
41 0.12121212121212119
42 0.1212121212121212
43 0.1212121212121212
44 0.1212121212121212
45 0.12121212121212119
46 0.1212121212121212
47 0.12121212121212116
48 0.1212121212121212
49 0.1212121212121212
50 0.1212121212121212
51 0.1212121212121212
52 0.1212121212121212
53 0.1212121212121212
54 0.12121212121212119
55 0.1212121212121212
56 0.1212121212121212
57 0.1212121212121212
58 0.12121212121212119
59 0.1212121212121212
60 0.1212121212121212
61 0.1212121212121212
62 0.12121212121212119
63 0.1212121212121212
64 0.1212121212121212
65 0.1212121212121212
66 0.12121212121212119
67 0.1212121212121212
68 0.1212121212121212
69 0.1212121212121212
70 0.1212121212121212
71 0.1212121212121212
72 0.1212121212121212
73 0.1212121212121212
74 0.1212121212121212
75 0.12121212121212119
76 0.12121212121212119
77 0.12121212121212119
78 0.12121212121212119
79 0.12121212121212119
80 0.1212121212121212
81 0.1212121212121212
82 0.12121212121212123
83 0.12121212121212119
84 0.12121212121212119
85 0.1212121212121212
86 0.12121212121212123
87 0.12121212121212123
88 0.12121212121212119
89 0.12121212121212119
90 0.12121212121212116
91 0.12121212121212116
92 0.12121212121212119
93 0.12121212121212119
94 0.12121212121212119
95 0.12121212121212116
96 0.12121212121212119
97 0.12121212121212119
98 0.12121212121212119
99 0.12121212121212116
