0 0.964548654753 0.315074117851
1 0.975557754062 0.345573671813
2 0.98438299994 0.376002370364
3 0.991250370047 0.406860287171
4 0.996146142313 0.438027719829
5 0.999064610376 0.469410842296
6 1.0 0.500895335111
7 0.998951986145 0.532362696408
8 0.995926778566 0.56369208731
9 0.990937718306 0.594762018177
10 0.984005459356 0.625451317134
11 0.975158063877 0.655639881113
12 0.964430965911 0.685209299012
13 0.951866883975 0.714043407924
14 0.937515697934 0.742028813407
15 0.921434247875 0.769055360542
16 0.903686150867 0.795016605282
17 0.884341543486 0.819810242657
18 0.863476814763 0.843338523215
19 0.841174305638 0.865508644446
20 0.817521983371 0.886233120341
21 0.792613090679 0.905430127185
22 0.766545770769 0.923023824441
23 0.739422668727 0.938944649225
24 0.711350506417 0.953129575885
25 0.682439649792 0.965522382192
26 0.652803604413 0.976073784815
27 0.622558542551 0.984741684591
28 0.591822720669 0.991491211962
29 0.560715867544 0.996294828018
30 0.529358419305 0.999132276044
31 0.497870525111 0.999990406269
32 0.466370312775 0.998862713892
33 0.434971950766 0.995748281101
34 0.403768955266 0.990647186255
35 0.372881012146 0.98356584864
36 0.341793522006 0.974305803
37 0.313021178676 0.963717942212
38 0.259389778783 0.938294926337
39 0.28277868101 0.950344648097
40 0.230857645485 0.921376713072
41 0.205387342161 0.903979624913
42 0.179016320907 0.883361300946
43 0.155963898991 0.862816506826
44 0.114849698359 0.81883606693
45 0.132570849319 0.839105642464
46 0.0789948536277 0.769726347856
47 0.0941156703059 0.791985322691
48 0.0620305006246 0.74120706977
49 0.0480481273336 0.713864378527
50 0.0351051607995 0.684042430301
51 0.0243695195616 0.654190899307
52 0.0155689574437 0.623798696644
53 0.00872166894889 0.592981315426
54 0.00383727754529 0.561829199996
55 0.000927672163177 0.53045464357
56 0.0 0.498974977381
57 0.00105524845046 0.467510597409
58 0.00408749184887 0.436183186108
59 0.00908356345784 0.405114689051
60 0.016022891735 0.374426528951
61 0.0248774937518 0.344238960393
62 0.0356119933089 0.31467048814
63 0.0481837266665 0.285837336448
64 0.0625428853499 0.257852950357
65 0.0786326830826 0.230827513985
66 0.0963895909391 0.204867509136
67 0.115743561935 0.18007527124
68 0.136618320237 0.156548586014
69 0.158931662049 0.134380297485
70 0.18259578773 0.113657939014
71 0.207517671514 0.0944633997109
72 0.233599445137 0.0768726010048
73 0.260738823375 0.0609552129191
74 0.288829564222 0.0467744042727
75 0.317761960497 0.0343865999948
76 0.347423430796 0.0238413655298
77 0.377699147832 0.0151812099623
78 0.408472902919 0.00844163917303
79 0.43962822528 0.00365120039427
80 0.471050409919 0.000831861946089
81 0.502629011978 0.0
82 0.534276046298 0.00116932449317
83 0.565880371077 0.00435232045894
84 0.597997436914 0.00969063293112
85 0.628065165981 0.0166719662341
86 0.684480339817 0.0352705837781
87 0.660751605352 0.0265390830917
88 0.714486616346 0.0483344438747
89 0.7653546485 0.0762160393804
90 0.743584760861 0.0633394545958
91 0.793699352298 0.0953441022063
92 0.818163151553 0.114282900831
93 0.842696973892 0.135906616246
94 0.86526374593 0.158551150327
95 0.886748894557 0.183093244236
96 0.905486783585 0.207454430895
97 0.937292589798 0.25755908103
98 0.923942851841 0.234903618468
99 0.95234761833 0.286962502243
