0 0.864924605265 0.248442484331
1 0.743643182926 0.0835151771931
2 0.615891781182 0.0762968040758
3 0.57021565386 0.185527456296
4 0.319819477152 0.0338642968625
5 0.23930665955 0.158108891332
6 0.177221299497 0.118108613419
7 0.135344704891 0.157874353653
8 0.224963551813 0.25627852037
9 0.227300735368 0.0808883975184
10 0.354458935024 0.0215852197569
11 0.396031657029 0.0108483454118
12 0.510475938972 0.0
13 0.595432841673 0.00913256889441
14 0.68919529576 0.0370158867378
15 0.784820313432 0.0889244153851
16 0.868639241189 0.164332701489
17 0.890313827116 0.320621389642
18 0.970718830294 0.398949807961
19 0.817469986982 0.613664524089
20 0.992391569213 0.588303748826
21 0.962177913049 0.69138927674
22 0.976676860823 0.651020195513
23 0.937377656673 0.742793835187
24 0.912479648128 0.782966137733
25 0.878993941758 0.826472976573
26 0.71348840848 0.721095249806
27 0.834523922709 0.871919534794
28 0.79102650659 0.90684722286
29 0.752711730903 0.931632148106
30 0.683352486162 0.965381151674
31 0.617803530206 0.759839774389
32 0.549943250495 0.997645116529
33 0.395013392133 0.902276758769
34 0.46544421562 0.998952315782
35 0.419615526236 0.993635701017
36 0.349426220041 0.976913352796
37 0.285239874288 0.951639992122
38 0.210906784579 0.908026803106
39 0.150577226911 0.857709186703
40 0.237412470231 0.915495515599
41 0.257701712225 0.937412432509
42 0.448913264514 0.831514822049
43 0.179304583675 0.883497374559
44 0.0959085568088 0.794496224425
45 0.0632614806561 0.743372033181
46 0.290790156732 0.669180370999
47 0.386014615767 0.741023200915
48 0.171044974867 0.711440849465
49 0.192303709862 0.77906009123
50 0.0378616350804 0.690749618938
51 0.149775507755 0.587930368929
52 0.104480863885 0.750974565423
53 0.00510857941384 0.571101795912
54 0.0 0.504155810718
55 0.00166136435129 0.459088245418
56 0.0070104182992 0.41648060214
57 0.0305895589026 0.327858751457
58 0.0454837195523 0.291607565018
59 0.0642229632993 0.254821897468
60 0.0126465431393 0.388202038348
61 0.0424680953948 0.357836190365
62 0.0136975676573 0.616336621941
63 0.0240831712082 0.65297031602
64 0.12867907415 0.834920418515
65 0.316737750005 0.965323003049
66 0.380098773819 0.98553352436
67 0.512664719833 1.0
68 0.584209929009 0.993028751129
69 0.635907200362 0.981326194556
70 0.640289047192 0.885455579622
71 0.556974292683 0.780318801372
72 0.553709021708 0.63157357111
73 0.427759807887 0.527089663111
74 0.386941311799 0.313021281616
75 0.274529182733 0.0570591556545
76 0.348752544018 0.0746027467177
77 0.424960087217 0.00558635994691
78 0.473732320485 0.000601192283141
79 0.556109652463 0.00304002469588
80 0.642598997462 0.0206195431448
81 0.725815954667 0.053758654412
82 0.8121945862 0.109204814652
83 0.886235754789 0.182156557387
84 0.934274025584 0.25185409818
85 0.969567593118 0.32770503918
86 0.869354046147 0.407824579882
87 0.879354118001 0.48895127131
88 0.631180978026 0.514488389393
89 0.773395973229 0.486582669032
90 0.573644278298 0.360480706065
91 0.415158019969 0.398786827077
92 0.684126043072 0.257510991019
93 0.848470761848 0.141189954973
94 0.912119814408 0.216583306117
95 0.952133386163 0.285988716204
96 0.980246803862 0.36001230092
97 0.994127704037 0.42224045886
98 0.997703973097 0.449938224794
99 0.998978920246 0.496134671072
