0 0.2175824175824176
1 0.2175824175824176
2 0.21951219512195122
3 0.24937027707808565
4 0.21244635193133046
5 0.2397094430992736
6 0.2219730941704036
7 0.21902654867256638
8 0.22916666666666666
9 0.20162932790224034
10 0.1813186813186813
11 0.19488188976377951
12 0.18857142857142858
13 0.21902654867256638
14 0.19839679358717435
15 0.21615720524017468
16 0.21428571428571427
17 0.2426470588235294
18 0.25063291139240507
19 0.2877906976744186
20 0.24444444444444444
21 0.2385542168674699
22 0.2357142857142857
23 0.21951219512195122
24 0.2239819004524887
25 0.22654462242562928
26 0.25984251968503935
27 0.21063829787234042
28 0.20625
29 0.23798076923076922
30 0.21568627450980393
31 0.28125
32 0.21615720524017468
33 0.2551546391752577
34 0.21382289416846653
35 0.21663019693654267
36 0.193359375
37 0.20040485829959515
38 0.21244635193133046
39 0.2255125284738041
40 0.24504950495049505
41 0.2323943661971831
42 0.2571428571428571
43 0.22758620689655173
44 0.21806167400881057
45 0.2296983758700696
46 0.23798076923076922
47 0.25
48 0.23076923076923078
49 0.24029126213592233
50 0.21568627450980393
51 0.225
52 0.2323943661971831
53 0.20798319327731093
54 0.1809872029250457
55 0.18679245283018867
56 0.1706896551724138
57 0.18032786885245902
58 0.18
59 0.19839679358717435
60 0.20625
61 0.22602739726027396
62 0.2214765100671141
63 0.22297297297297297
64 0.2088607594936709
65 0.19186046511627908
66 0.19760479041916168
67 0.20204081632653062
68 0.19721115537848605
69 0.20121951219512196
70 0.21382289416846653
71 0.2296983758700696
72 0.23459715639810427
73 0.2584856396866841
74 0.23185011709601874
75 0.19373776908023482
76 0.1956521739130435
77 0.16981132075471697
78 0.1742957746478873
79 0.16097560975609757
80 0.17247386759581881
81 0.17098445595854922
82 0.19186046511627908
83 0.19603960396039605
84 0.2255125284738041
85 0.2032854209445585
86 0.22654462242562928
87 0.23627684964200477
88 0.23459715639810427
89 0.2625994694960212
90 0.21153846153846154
91 0.20582120582120583
92 0.19186046511627908
93 0.17277486910994763
94 0.1774193548387097
95 0.1793478260869565
96 0.18504672897196262
97 0.20121951219512196
98 0.2088607594936709
99 0.24087591240875914
