0 1
0 2
0 99
0 98
1 2
1 3
2 3
2 4
3 5
3 89
3 13
4 5
4 6
5 61
5 6
5 7
6 8
6 7
7 8
7 9
8 9
8 73
9 10
9 11
10 11
10 12
11 12
11 13
12 13
12 14
13 14
13 15
14 16
14 15
15 16
15 17
16 17
16 18
17 18
17 19
18 19
18 20
18 84
19 99
19 20
19 21
19 42
19 31
20 21
20 22
21 22
21 23
22 24
22 89
22 23
23 24
23 25
24 25
24 26
25 26
25 27
26 72
26 89
26 47
27 28
27 29
28 29
28 30
29 30
29 31
30 32
30 67
31 33
31 73
32 33
32 34
33 34
33 35
33 52
34 35
34 36
35 36
35 37
36 37
36 38
37 38
37 39
38 40
38 39
39 40
39 41
39 63
40 41
40 42
40 49
41 42
41 43
42 43
43 44
43 45
44 45
44 46
45 62
45 46
46 48
46 88
46 47
47 48
47 49
48 49
48 50
49 51
50 51
50 52
51 91
51 52
51 53
52 53
53 54
53 55
54 56
54 55
55 56
55 57
56 57
56 58
57 58
57 59
58 59
58 60
59 60
59 61
60 61
60 62
61 63
62 64
62 63
63 64
64 65
64 66
65 66
65 67
66 67
66 68
67 68
67 69
68 69
68 70
69 70
69 71
70 72
70 71
71 72
71 73
72 74
73 74
74 75
74 76
75 76
75 77
76 77
76 78
77 78
77 79
78 80
78 79
79 80
79 81
80 81
80 82
81 82
81 83
82 83
82 84
83 84
83 85
84 86
85 86
85 87
86 88
86 87
87 88
87 89
88 90
90 91
90 92
91 92
92 93
92 94
93 94
93 95
94 96
94 95
95 96
95 97
96 97
96 98
97 98
97 99
98 99
