0 0.032989489131946124
1 0.00989891918717995
2 0.022485065597765214
3 0.12230584945785385
4 0.009993161164538805
5 0.10241254009291846
6 0.016163442649300145
7 0.02004543241564365
8 0.059181335962574765
9 0.024591967619178496
10 0.002396494913501716
11 0.010392391684908697
12 0.007680874177472815
13 0.05014883934178925
14 0.011216517168898118
15 0.017022701067227964
16 0.018099525134157163
17 0.031758044745057716
18 0.07747615995353849
19 0.22478638997867262
20 0.012393904910911713
21 0.016853592363796445
22 0.024723009416886963
23 0.005816141530427245
24 0.007128009934132383
25 0.020543915016704134
26 0.11213146738966152
27 0.012752402548320912
28 0.0037265266857103583
29 0.04587532648757137
30 0.03615183632190433
31 0.19118828791582096
32 0.016708386096141198
33 0.1175790425378682
34 0.009999098681844504
35 0.015476224112587759
36 0.005749591804013571
37 0.009954501281031897
38 0.011900430246132163
39 0.043253117074100005
40 0.05103663586411231
41 0.011685007770350994
42 0.07127035645588525
43 0.02129140677687369
44 0.0034034621325901475
45 0.04635438242797933
46 0.06404513838404138
47 0.06218374601646092
48 0.017381676707588892
49 0.05104263172354041
50 0.008283351820766786
51 0.06314932966689363
52 0.06633141948133975
53 0.0530768799654344
54 0.006887262794889004
55 0.021135463715031434
56 0.007553834424582726
57 0.014819361999717395
58 0.013141200341343551
59 0.0276891913425474
60 0.02996971935705323
61 0.0877431973123312
62 0.050850289759384514
63 0.05400607202991793
64 0.04097688026259453
65 0.00727554128914673
66 0.019687046387726653
67 0.03271454546964751
68 0.014514220976806005
69 0.011830327646654168
70 0.023165823846095963
71 0.030949876528107823
72 0.06568407714047786
73 0.13186600887915867
74 0.08738299183893687
75 0.011814820159545611
76 0.03761870617890538
77 0.009559885433009802
78 0.014856216908425354
79 0.006852199199137975
80 0.01316926380600175
81 0.011612645465540694
82 0.030327481452859854
83 0.02211035179804505
84 0.07702623929888518
85 0.01803149529486476
86 0.03885796800445434
87 0.05393389306653176
88 0.07743790366942975
89 0.10970450043211685
90 0.038908312459599
91 0.03710548128229077
92 0.03445085185508627
93 0.0034358069608533435
94 0.013017011700121307
95 0.012064032433089148
96 0.014136180982919676
97 0.031141676003257002
98 0.02197077632251701
99 0.08349005717316677
