1 0.570022 0.502411
2 0.618493 0.561725
3 0.547471 0.501622
4 0.527196 0.393292
5 0.593306 0.533107
6 0.545547 0.55516
7 0.497424 0.578716
8 0.4657 0.541783
9 0.560209 0.47627
10 0.664362 0.482598
11 0.514693 0.455259
12 0.604887 0.635657
13 0.514942 0.498151
14 0.675414 0.429439
15 0.520485 0.541854
16 0.679793 0.541108
17 0.526724 0.56307
18 0.506332 0.505879
19 0.523181 0.494482
20 0.47706 0.467685
21 0.530603 0.425261
22 0.55624 0.526499
23 0.496583 0.488745
24 0.624157 0.464639
25 0.549238 0.44725
26 0.601227 0.370529
27 0.520177 0.522572
28 0.492996 0.490964
29 0.562944 0.651009
30 0.745756 0.473137
31 0.501397 0.524986
32 0.68228 0.675707
33 0.687632 0.468275
34 0.633554 0.500084
35 0.809737 0.730751
36 0.782728 0.753826
37 0.79652 0.741924
38 0.493128 0.473966
39 0.519735 0.520931
40 0.565286 0.515783
41 0.435976 0.495132
42 0.515635 0.601751
43 0.531044 0.401786
44 0.553778 0.660698
45 0.413803 0.498752
46 0.490328 0.456379
47 0.557559 0.549081
48 0.524925 0.563176
49 0.655012 0.505837
50 0.493835 0.509783
51 0.48511 0.421094
52 0.45197 0.497862
53 0.557792 0.30988
54 0.456855 0.525836
55 0.673332 0.48825
56 0.639587 0.493791
57 0.407876 0.349007
58 0.566589 0.404706
59 0.444132 0.327366
60 0.566913 0.259152
61 0.560751 0.309856
62 0.530555 0.471718
63 0.478687 0.386756
64 0.466918 0.35203
65 0.457018 0.332317
66 0.445197 0.393928
67 0.605385 0.310034
68 0.482762 0.355364
69 0.479163 0.475155
70 0.584759 0.423865
71 0.446104 0.36294
72 0.445733 0.432649
73 0.413717 0.487994
74 0.483649 0.554626
75 0.688775 0.662984
76 0.49593 0.527308
77 0.697828 0.505252
78 0.676928 0.5645
79 0.637139 0.422527
80 0.613496 0.532754
81 0.440754 0.45303
82 0.50048 0.436523
83 0.506941 0.668296
84 0.569579 0.635173
85 0.717475 0.623115
86 0.411209 0.567923
87 0.417826 0.582963
88 0.730204 0.584532
89 0.366308 0.661272
90 0.39059 0.468966
91 0.422614 0.365827
92 0.756992 0.473902
93 0.467917 0.713243
94 0.376858 0.537251
95 0.37481 0.558054
96 0.293413 0.655536
97 0.418301 0.654667
98 0.40988 0.81009
99 0.369297 0.677602
100 0.313696 0.718244
101 0.552669 0.439471
102 0.248556 0.566572
103 0.405826 0.395494
104 0.614776 0.502954
105 0.649654 0.52827
106 0.329811 0.450944
107 0.625915 0.454909
108 0.700299 0.422044
109 0.802364 0.39308
110 0.665567 0.384773
111 0.878019 0.409504
112 0.607533 0.428161
113 0.6125 0.483817
114 0.697468 0.347423
115 0.465557 0.623046
116 0.686236 0.516153
117 0.604043 0.430225
118 0.757564 0.558741
119 0.657421 0.392353
120 0.662248 0.458595
121 0.727266 0.426441
122 0.507543 0.565743
123 0.810916 0.449242
124 0.598517 0.456413
125 0.510292 0.520313
126 0.783365 0.387537
127 0.734792 0.5872
128 0.626069 0.502765
129 0.787456 0.514284
130 0.701479 0.613767
131 0.45029 0.415386
132 0.588979 0.437847
133 0.522069 0.432339
134 0.417448 0.456748
135 0.465103 0.565618
136 0.485608 0.373743
137 0.477357 0.478647
138 0.575741 0.344449
139 0.677459 0.738693
140 0.572142 0.608295
141 0.625352 0.687808
142 0.558375 0.645342
143 0.570667 0.671669
144 0.694316 0.557055
145 0.584586 0.567321
146 0.548612 0.613147
147 0.596389 0.635193
148 0.611228 0.62752
149 0.62592 0.650626
150 0.548385 0.567585
151 0.526915 0.64625
152 0.652924 0.642044
153 0.528291 0.736216
154 0.709977 0.435117
155 0.394167 0.490967
156 0.434756 0.404004
157 0.572939 0.523283
158 0.294921 0.552256
159 0.489147 0.727069
160 0.463931 0.192283
161 0.629052 0.548436
162 0.7039 0.584335
163 0.633242 0.538092
164 0.715621 0.412588
165 0.681738 0.434571
166 0.717892 0.38233
167 0.62665 0.395746
168 0.622041 0.427203
169 0.728575 0.372755
170 0.690915 0.32735
171 0.740974 0.429002
172 0.755427 0.432297
173 0.838143 0.333214
174 0.757805 0.380759
175 0.875716 0.323828
176 0.641377 0.523446
177 0.767321 0.418709
178 0.757861 0.360173
179 0.675358 0.340448
180 0.656093 0.288126
181 0.595681 0.505094
182 0.573699 0.421172
183 0.469337 0.592721
184 0.483782 0.549853
185 0.575674 0.582295
186 0.390764 0.529652
187 0.401036 0.624349
188 0.354444 0.412761
189 0.416689 0.676605
190 0.526977 0.633166
191 0.412572 0.617748
192 0.67664 0.494349
193 0.760645 0.593754
194 0.646302 0.511925
195 0.444307 0.590441
196 0.67222 0.511758
197 0.769097 0.568778
198 0.733321 0.597534
199 0.730598 0.615568
200 0.691975 0.569226
201 0.670393 0.479653
202 0.615197 0.451163
203 0.66613 0.503851
204 0.69027 0.521511
205 0.74102 0.580285
206 0.66133 0.53716
207 0.741809 0.550484
208 0.761741 0.618486
209 0.780374 0.55346
210 0.632981 0.501819
211 0.740498 0.569703
212 0.735945 0.630204
213 0.665755 0.532572
214 0.619237 0.513239
215 0.771742 0.589317
216 0.780268 0.583071
217 0.67123 0.557009
218 0.727849 0.53221
219 0.754051 0.608233
220 0.793863 0.58271
221 0.790047 0.607138
222 0.801907 0.648154
223 0.502892 0.369187
224 0.467503 0.638366
225 0.456308 0.738807
226 0.322002 0.640787
227 0.557275 0.491636
228 0.428798 0.494685
229 0.446888 0.672413
230 0.568756 0.455964
231 0.456123 0.467176
232 0.615092 0.634547
233 0.490508 0.466222
234 0.42046 0.451957
235 0.435389 0.427228
236 0.709412 0.397263
237 0.442418 0.507943
238 0.42875 0.358211
239 0.507148 0.555705
240 0.579144 0.417821
241 0.448605 0.480523
242 0.26802 0.510538
243 0.535717 0.520088
244 0.608547 0.359401
245 0.53409 0.502676
246 0.472389 0.465063
247 0.483538 0.291577
248 0.582404 0.561065
249 0.628284 0.265029
250 0.516883 0.471075
251 0.577746 0.450967
252 0.592981 0.480054
253 0.62102 0.204243
254 0.441835 0.49029
255 0.427782 0.51995
256 0.375266 0.324487
257 0.347619 0.423798
258 0.627317 0.35786
259 0.604561 0.500912
260 0.301263 0.424602
261 0.603438 0.200335
262 0.329514 0.523723
263 0.685367 0.468671
264 0.346388 0.27891
265 0.653062 0.41717
266 0.297944 0.574543
267 0.660706 0.569519
268 0.369989 0.494554
269 0.488124 0.415116
270 0.477338 0.321735
271 0.530415 0.572612
272 0.690006 0.385694
273 0.319129 0.470339
274 0.69873 0.574018
275 0.413911 0.428909
276 0.4718 0.67983
277 0.545436 0.363971
278 0.339491 0.312441
279 0.326443 0.504672
280 0.514291 0.428599
281 0.271242 0.463367
282 0.489492 0.36328
283 0.327441 0.555503
284 0.602452 0.576818
285 0.481135 0.390888
286 0.719363 0.440318
287 0.396554 0.582453
288 0.79013 0.409186
289 0.751747 0.547715
290 0.383545 0.542727
291 0.721081 0.540383
292 0.711222 0.304053
293 0.669651 0.536274
294 0.821353 0.322618
295 0.414613 0.546306
296 0.598983 0.438978
297 0.613761 0.562521
298 0.568129 0.536154
299 0.542808 0.667532
300 0.583361 0.57065
301 0.410312 0.315982
302 0.467009 0.272752
303 0.588854 0.660106
304 0.54913 0.798456
305 0.581921 0.50415
306 0.583132 0.399416
307 0.724872 0.500308
308 0.434859 0.479649
309 0.315652 0.513619
310 0.671046 0.770679
311 0.615722 0.583848
312 0.621628 0.750736
313 0.51489 0.611371
314 0.516922 0.603582
315 0.476821 0.595989
316 0.400915 0.528221
317 0.777651 0.496647
318 0.946889 0.401928
319 0.952678 0.442378
320 0.811373 0.41432
321 0.696708 0.451163
322 0.701951 0.491417
323 0.750391 0.41964
324 0.636673 0.448519
325 0.741238 0.474147
326 0.880296 0.442761
327 0.705252 0.583832
328 0.801289 0.542758
329 0.525151 0.613992
330 0.494619 0.426274
331 0.494308 0.505032
332 0.549222 0.632105
333 0.506067 0.539624
334 0.325005 0.579479
335 0.626228 0.526203
336 0.660964 0.492071
337 0.539535 0.651646
338 0.398744 0.476708
339 0.341999 0.475348
340 0.357294 0.554976
341 0.587098 0.684141
342 0.772872 0.615484
343 0.809533 0.537015
344 0.44294 0.482718
345 0.61689 0.27845
346 0.364779 0.489277
347 0.474111 0.785273
348 0.504652 0.411402
349 0.392415 0.618725
350 0.644613 0.359564
351 0.45541 0.420848
352 0.34293 0.389387
353 0.405082 0.408848
354 0.485206 0.54016
355 0.439942 0.561979
356 0.490517 0.656588
357 0.523063 0.698501
358 0.348262 0.487513
359 0.427119 0.627524
360 0.756961 0.469586
361 0.719124 0.518923
362 0.41685 0.584184
363 0.763413 0.540796
364 0.657543 0.582914
365 0.357609 0.509944
366 0.643975 0.385876
367 0.466775 0.605324
368 0.383742 0.457257
369 0.332744 0.438797
370 0.208509 0.567605
371 0.590101 0.586746
372 0.468948 0.50636
373 0.472448 0.415989
374 0.184226 0.478251
375 0.331533 0.424731
376 0.306595 0.612483
377 0.340872 0.587183
378 0.46583 0.536252
379 0.491872 0.611028
380 0.592219 0.763783
381 0.547076 0.675726
382 0.61649 0.737445
383 0.559093 0.720905
384 0.570427 0.680888
385 0.583289 0.748766
386 0.556202 0.725733
387 0.595006 0.700702
388 0.525742 0.721438
389 0.550711 0.708525
390 0.686948 0.574487
391 0.318299 0.444138
392 0.45798 0.514597
393 0.55185 0.673735
394 0.404199 0.731556
395 0.263389 0.581713
396 0.484149 0.694051
397 0.397251 0.65126
398 0.571397 0.730608
399 0.442893 0.462034
400 0.693589 0.531249
401 0.694844 0.643762
402 0.369909 0.664516
403 0.444019 0.609203
404 0.565429 0.543831
405 0.519537 0.343525
406 0.682997 0.816903
407 0.607168 0.764662
408 0.665996 0.728548
409 0.517986 0.663804
410 0.559535 0.699925
411 0.522449 0.748867
412 0.510707 0.77147
413 0.481492 0.642152
414 0.550263 0.582233
415 0.362112 0.473204
416 0.58505 0.594734
417 0.257476 0.575891
418 0.277924 0.413635
419 0.275593 0.331699
420 0.555151 0.491953
421 0.244915 0.624421
422 0.289956 0.367844
423 0.282526 0.416685
424 0.167131 0.520603
425 0.398419 0.419146
426 0.459245 0.366714
427 0.49627 0.340872
428 0.542143 0.395886
429 0.467556 0.462519
430 0.461807 0.30933
431 0.584232 0.666876
432 0.43854 0.710526
433 0.616943 0.624702
434 0.535292 0.6896
435 0.671361 0.413927
436 0.82832 0.579184
437 0.73042 0.505378
438 0.642552 0.575392
439 0.686937 0.543423
440 0.709129 0.371649
441 0.675717 0.607316
442 0.814344 0.435513
443 0.588549 0.535423
444 0.541758 0.409728
445 0.375612 0.419651
446 0.700434 0.52766
447 0.339474 0.316045
448 0.384682 0.304382
449 0.430226 0.231198
450 0.649368 0.448749
451 0.390625 0.356675
452 0.362152 0.470659
453 0.394131 0.380474
454 0.376133 0.641063
455 0.323679 0.405629
456 0.406169 0.384751
457 0.374678 0.588226
458 0.337792 0.477934
459 0.527766 0.272495
460 0.311622 0.312663
461 0.275415 0.400303
462 0.518999 0.295714
463 0.37515 0.28031
464 0.343821 0.709177
465 0.410236 0.673169
466 0.384652 0.54813
467 0.397862 0.445952
468 0.563739 0.617861
469 0.832526 0.473079
470 0.541073 0.484673
471 0.42138 0.338582
472 0.746666 0.5343
473 0.814692 0.490001
474 0.757636 0.433573
475 0.368182 0.295224
476 0.406818 0.30559
477 0.279127 0.256144
478 0.312227 0.203687
479 0.261258 0.342869
480 0.309739 0.402406
481 0.331783 0.311796
482 0.307661 0.219203
483 0.343763 0.238792
484 0.303369 0.34456
485 0.459495 0.298455
486 0.265458 0.280709
487 0.29833 0.276351
488 0.727419 0.228665
489 0.461376 0.595673
490 0.63547 0.229843
491 0.50358 0.262952
492 0.689152 0.287979
493 0.715133 0.211241
494 0.702776 0.20387
495 0.411422 0.562422
496 0.280219 0.17936
497 0.434302 0.201537
498 0.324813 0.204361
499 0.401385 0.199002
500 0.483775 0.400909
501 0.533972 0.458589
502 0.636882 0.10677
503 0.622569 0.515725
504 0.514483 0.661232
505 0.582576 0.606861
506 0.4781 0.326948
507 0.489696 0.491651
508 0.394537 0.335477
509 0.417195 0.472193
510 0.435636 0.301396
511 0.436661 0.260524
512 0.642257 0.657739
513 0.353846 0.32627
514 0.565307 0.111924
515 0.303805 0.382836
516 0.712164 0.131366
517 0.648852 0.404304
518 0.718292 0.527404
519 0.729077 0.121188
520 0.535563 0.367949
521 0.399852 0.580575
522 0.434652 0.244364
523 0.334035 0.56449
524 0.372667 0.613435
525 0.511363 0.243889
526 0.55606 0.236113
527 0.602304 0.710115
528 0.320223 0.572822
529 0.514905 0.705151
530 0.503117 0.204546
531 0.756381 0.488379
532 0.569578 0.468943
533 0.304343 0.336593
534 0.408146 0.351261
535 0.225807 0.343304
536 0.411304 0.247498
537 0.467459 0.240492
538 0.343287 0.360486
539 0.564857 0.350452
540 0.481974 0.577997
541 0.414591 0.378963
542 0.560347 0.674142
543 0.542294 0.533489
544 0.262147 0.605595
545 0.527277 0.521583
546 0.357878 0.439329
547 0.616695 0.399042
548 0.229719 0.462754
549 0.393408 0.490471
550 0.349662 0.774066
551 0.361946 0.574412
552 0.562775 0.711667
553 0.293979 0.489899
554 0.346253 0.385664
555 0.620418 0.620301
556 0.78283 0.593369
557 0.740634 0.623794
558 0.61127 0.704841
559 0.671759 0.687807
560 0.885901 0.686524
561 0.697119 0.83901
562 0.397286 0.457117
563 0.67341 0.400845
564 0.35687 0.361322
565 0.360259 0.381972
566 0.446041 0.693706
567 0.428336 0.672479
568 0.388332 0.484101
569 0.594336 0.409289
570 0.294295 0.635736
571 0.59126 0.732449
572 0.353452 0.464581
573 0.629948 0.590524
574 0.688275 0.456371
575 0.8781 0.694135
576 0.489605 0.319177
577 0.774225 0.393602
578 0.474521 0.579316
579 0.404901 0.513088
580 0.455419 0.656981
581 0.638742 0.609872
582 0.509586 0.311435
583 0.800911 0.69948
584 0.701142 0.582395
585 0.413087 0.464981
586 0.49156 0.460179
587 0.351548 0.27034
588 0.369957 0.398224
589 0.304712 0.507539
590 0.507276 0.724513
591 0.541932 0.706315
592 0.758223 0.664913
593 0.73304 0.743722
594 0.791421 0.602402
595 0.750389 0.71567
596 0.804241 0.622521
597 0.257638 0.64194
598 0.317557 0.624205
599 0.821384 0.567131
600 0.785313 0.670931
601 0.819339 0.645258
602 0.370591 0.74323
603 0.34982 0.593805
604 0.355548 0.638256
605 0.299663 0.302325
606 0.285697 0.580858
607 0.434223 0.31555
608 0.252917 0.649206
609 0.175362 0.5615
610 0.287664 0.698985
611 0.431268 0.410131
612 0.234145 0.52406
613 0.544395 0.232332
614 0.418031 0.296144
615 0.368817 0.136418
616 0.968288 0.415737
617 0.771626 0.46105
618 0.975341 0.448537
619 0.963043 0.398999
620 0.688413 0.324743
621 0.372691 0.736657
622 0.343396 0.756354
623 0.328786 0.755741
624 0.345122 0.693829
625 0.388749 0.696636
626 0.330156 0.862867
627 0.40896 0.909763
628 0.399418 0.942836
629 0.770613 0.599614
630 0.220175 0.639748
631 0.239161 0.538381
632 0.384328 0.397273
633 0.503954 0.605233
634 0.250793 0.724796
635 0.483715 0.962511
636 0.456594 0.879292
637 0.679879 0.231915
638 0.462334 0.449469
639 0.226585 0.421316
640 0.801673 0.4647
641 0.713373 0.552379
642 0.77757 0.53285
643 0.750457 0.493954
644 0.893769 0.521829
645 0.820841 0.529825
646 0.77226 0.653632
647 0.797874 0.633108
648 0.714566 0.601042
649 0.548607 0.601983
650 0.743861 0.568431
651 0.732749 0.362185
652 0.209831 0.431347
653 0.129371 0.404136
654 0.34061 0.438378
655 0.194463 0.363003
656 0.306641 0.465419
657 0.244166 0.490954
658 0.299015 0.666832
659 0.350444 0.488735
660 0.347182 0.456009
661 0.24899 0.548193
662 0.36696 0.450163
663 0.295788 0.406544
664 0.152161 0.483052
665 0.362621 0.233374
666 0.587689 0.402169
667 0.81326 0.300796
668 0.3905 0.561776
669 0.719131 0.329834
670 0.779355 0.253218
671 0.402779 0.502827
672 0.643976 0.591625
673 0.427189 0.77977
674 0.366277 0.780991
675 0.340205 0.594631
676 0.760432 0.450865
677 0.483217 0.520556
678 0.684531 0.365885
679 0.931928 0.511385
680 0.78266 0.44416
681 0.926061 0.477837
682 0.606909 0.247339
683 0.933564 0.606144
684 0.921865 0.441292
685 0.784821 0.650237
686 0.656264 0.690884
687 0.524633 0.507562
688 0.501384 0.591525
689 0.342418 0.582605
690 0.774563 0.28856
691 0.460826 0.404581
692 0.632105 0.562147
693 0.501521 0.447221
694 0.377423 0.510723
695 0.782171 0.615854
696 0.858001 0.602698
697 0.704494 0.519047
698 0.751399 0.588766
699 0.595948 0.710555
700 0.420701 0.344457
701 0.495989 0.256547
702 0.462055 0.354119
703 0.609283 0.52745
704 0.423341 0.542913
705 0.415062 0.44295
706 0.282711 0.310892
707 0.296501 0.462588
708 0.253522 0.594483
709 0.365548 0.338173
710 0.710103 0.491693
711 0.472006 0.506694
712 0.439889 0.654297
713 0.346462 0.678483
714 0.235057 0.734216
715 0.353429 0.508264
716 0.411992 0.185149
717 0.504817 0.137834
718 0.380839 0.443882
719 0.706169 0.69521
720 0.660564 0.623439
721 0.663763 0.589861
722 0.810744 0.673746
723 0.648907 0.766337
724 0.494806 0.76623
725 0.666861 0.674007
726 0.566503 0.743916
727 0.581526 0.503452
728 0.669058 0.841683
729 0.602276 0.670903
730 0.522496 0.682197
731 0.699029 0.721835
732 0.794467 0.379329
733 0.807393 0.389897
734 0.471162 0.649235
735 0.788777 0.576186
736 0.643817 0.698103
737 0.547397 0.776273
738 0.71549 0.820404
739 0.769145 0.717639
740 0.875987 0.61197
741 0.502269 0.65083
742 0.748864 0.697815
743 0.492858 0.783277
744 0.567423 0.797812
745 0.561998 0.817007
746 0.527165 0.843291
747 0.463275 0.815979
748 0.551267 0.833489
749 0.651743 0.455741
750 0.347847 0.61069
751 0.069961 0.587974
752 0.171512 0.526515
753 0.229423 0.600806
754 0.154039 0.576203
755 0.22113 0.380758
756 0.556497 0.745163
757 0.313158 0.230485
758 0.501515 0.0346777
759 0.481306 0.0329166
760 0.768896 0.735001
761 0.383741 0.525005
762 0.470067 0.228576
763 0.692669 0.2094
764 0.348499 0.297048
765 0.359768 0.658207
766 0.354674 0.764337
767 0.38663 0.595574
768 0.126821 0.53042
769 0.307407 0.391509
770 0.30061 0.320812
771 0.270843 0.255373
772 0.278307 0.356456
773 0.465697 0.797566
774 0.366605 0.836279
775 0.617042 0.598088
776 0.755374 0.332946
777 0.834554 0.485079
778 0.382784 0.68152
779 0.904383 0.473847
780 0.804588 0.573224
781 0.835197 0.548415
782 0.960418 0.642262
783 0.705862 0.657226
784 0.636285 0.775294
785 0.90949 0.718865
786 0.823779 0.613873
787 0.8209 0.693089
788 0.616419 0.749737
789 0.876205 0.387643
790 0.848824 0.56524
791 0.920137 0.508403
792 0.839878 0.633609
793 0.596339 0.786991
794 0.784365 0.691878
795 0.550536 0.733314
796 0.74442 0.665204
797 0.874583 0.582868
798 0.823267 0.716731
799 0.943861 0.535631
800 0.949574 0.696877
801 0.910284 0.659501
802 0.803922 0.68979
803 0.911382 0.777226
804 0.925461 0.753382
805 0.466993 0.133106
806 0.555538 0.682856
807 0.739285 0.305733
808 0.289617 0.324849
809 0.64171 0.634405
810 0.371673 0.520109
811 0.355895 0.379393
812 0.309115 0.531795
813 0.50814 0.62624
814 0.255129 0.473902
815 0.522807 0.233794
816 0.369345 0.30568
817 0.349527 0.39766
818 0.503199 0.281068
819 0.319943 0.352737
820 0.207385 0.462285
821 0.39029 0.622482
822 0.310529 0.651062
823 0.355761 0.165638
824 0.261204 0.292853
825 0.268357 0.536882
826 0.643219 0.326024
827 0.327089 0.512346
828 0.0754232 0.519099
829 0.541328 0.323618
830 0.673513 0.310801
831 0.487065 0.632856
832 0.744428 0.167524
833 0.613854 0.682087
834 0.697665 0.68342
835 0.436037 0.291812
836 0.553977 0.402019
837 0.240029 0.56833
838 0.323235 0.603878
839 0.247284 0.605209
840 0.398705 0.327614
841 0.33542 0.205806
842 0.43418 0.140016
843 0.127522 0.328358
844 0.305364 0.439838
845 0.0807218 0.372761
846 0.259221 0.518981
847 0.290442 0.220999
848 0.299063 0.259144
849 0.293168 0.267839
850 0.807049 0.266478
851 0.754304 0.552675
852 0.86841 0.459526
853 0.251719 0.429831
854 0.382912 0.20779
855 0.265112 0.367439
856 0.46355 0.0981235
857 0.490931 0.0922133
858 0.476296 0.0921038
859 0.522997 0.667395
860 0.54811 0.783874
861 0.385624 0.668536
862 0.110887 0.372946
863 0.927947 0.63647
864 0.389156 0.275689
865 0.476749 0.905005
866 0.38777 0.777864
867 0.598874 0.138462
868 0.30903 0.265051
869 0.274575 0.249185
870 0.319851 0.305878
871 0.217925 0.267944
872 0.212183 0.620081
873 0.195178 0.71997
874 0.285792 0.650822
875 0.282437 0.544671
876 0.183229 0.706015
877 0.460502 0.716289
878 0.371727 0.723976
879 0.432961 0.742073
880 0.211455 0.592594
881 0.636326 0.504926
882 0.50443 0.681673
883 0.605902 0.34903
884 0.574794 0.675066
885 0.586297 0.794261
886 0.583287 0.789477
887 0.574986 0.800249
888 0.58283 0.789589
889 0.611564 0.796251
890 0.550617 0.763486
891 0.557372 0.762699
892 0.547465 0.74551
893 0.57047 0.776299
894 0.461019 0.781404
895 0.579313 0.76147
896 0.517486 0.779453
897 0.582895 0.997383
898 0.601573 0.234266
899 0.659896 0.356025
900 0.530983 0.297293
901 0.928276 0.564748
902 0.609152 0.734787
903 0.626095 0.835665
904 0.705214 0.767469
905 0.476572 0.771179
906 0.725767 0.93368
907 0.526653 0.859654
908 0.65919 0.641879
909 0.655949 0.811587
910 0.481847 0.851983
911 0.564138 0.857096
912 0.65416 0.778052
913 0.154759 0.536082
914 0.236544 0.495549
915 0.880599 0.476078
916 0.899127 0.336394
917 0.926641 0.454664
918 0.964277 0.342365
919 0.480779 0.228465
920 0.520878 0.787537
921 0.243474 0.473552
922 0.296456 0.377154
923 0.197579 0.483831
924 0.303295 0.756097
925 0.178388 0.678702
926 0.874019 0.520089
927 0.632471 0.803453
928 0.174746 0.408651
929 0.242905 0.4062
930 0.2953 0.389559
931 0.139917 0.602392
932 0.406004 0.714818
933 0.1723 0.335624
934 0.12465 0.636891
935 0.293483 0.71126
936 0.621602 0.853432
937 0.660157 0.824858
938 0.641541 0.819826
939 0.19891 0.507795
940 0.502352 0.886436
941 0.453056 0.909459
942 0.461772 0.764213
943 0.461158 0.879978
944 0.434083 0.883309
945 0.513106 0.810806
946 0.463849 0.848129
947 0.25125 0.811853
948 0.818786 0.203235
949 0.805558 0.189971
950 0.353207 0.288303
951 0.243789 0.264205
952 0.289675 0.305239
953 0.295265 0.429031
954 0.268856 0.429288
955 0.58719 0.311968
956 0.2252 0.685979
957 0.269299 0.381978
958 0.486118 0.804728
959 0.236073 0.703111
960 0.280014 0.600173
961 0.435392 0.843517
962 0.243898 0.450302
963 0.406037 0.793638
964 0.318161 0.806721
965 0.666806 0.717399
966 0.332075 0.818469
967 0.172004 0.745005
968 0.197801 0.638731
969 0.169471 0.758186
970 0.125563 0.735283
971 0.121121 0.718982
972 0.194824 0.754448
973 0.211133 0.766191
974 0.607388 0.757661
975 0.36435 0.354643
976 0.53558 0.810515
977 0.687181 0.943293
978 0.585518 0.881898
979 0.19651 0.297206
980 0.447039 0.320118
981 0.502647 0.8244
982 0.516808 0.8446
983 0.476355 0.72344
984 0.0953556 0.592007
985 0.260674 0.709424
986 0.457463 0.869329
987 0.433862 0.762436
988 0.267507 0.761476
989 0.27514 0.774522
990 0.515141 0.291272
991 0.661706 0.961934
992 0.714846 0.783249
993 0.565561 0.871955
994 0.13554 0.297027
995 0.243909 0.277742
996 0.268627 0.324834
997 0.0765208 0.326035
998 0.514182 0.0875535
999 0.544825 0.258858
1000 0.526449 0.108093
1001 0.415276 0.282147
1002 0.258892 0.34791
1003 0.710548 0.79125
1004 0.480566 0.899772
1005 0.493734 0.848588
1006 0.922011 0.576976
1007 0.407205 0.301643
1008 0.317121 0.155765
1009 0.513138 0.350567
1010 0.372552 0.363081
1011 0.262894 0.678294
1012 0.212816 0.818404
1013 0.268321 0.794357
1014 0.333117 0.877151
1015 0.105127 0.437319
1016 0.201897 0.562373
1017 0.595407 0.119599
1018 0.646178 0.116705
1019 0.576337 0.130201
1020 0.260017 0.196466
1021 0.13804 0.226799
1022 0.248211 0.145536
1023 0.153897 0.345466
1024 0.174364 0.260266
1025 0.214823 0.16294
1026 0.236538 0.229769
1027 0.201403 0.177058
1028 0.551205 0.0666198
1029 0.194952 0.86275
1030 0.151289 0.631194
1031 0.229891 0.37031
1032 0.403951 0.775926
1033 0.688562 0.843346
1034 0.381115 0.331326
1035 0.275781 0.20988
1036 0.171198 0.206787
1037 0.211132 0.304447
1038 0.260428 0.257301
1039 0.230861 0.190869
1040 0.275826 0.0798601
1041 0.42295 0.159144
1042 0.258094 0.08919
1043 0.23941 0.199503
1044 0.149454 0.214111
1045 0.213317 0.184452
1046 0.690697 0.728069
1047 0.221165 0.658122
1048 0.298237 0.109632
1049 0.38256 0.0868119
1050 0.349015 0.662434
1051 0.761479 0.822889
1052 0.67885 0.0635835
1053 0.210855 0.624766
1054 0.706488 0.845982
1055 0.731184 0.271746
1056 0.0841646 0.246881
1057 0.217569 0.158367
1058 0.373394 0.243887
1059 0.147224 0.470212
1060 0.162691 0.438395
1061 0.180183 0.456351
1062 0.164202 0.49148
1063 0.60959 0.856366
1064 1.0 0.651385
1065 0.773196 0.89549
1066 0.64359 0.869217
1067 0.493242 0.784935
1068 0.541156 0.272947
1069 0.479274 0.829024
1070 0.462942 0.835508
1071 0.351504 0.80509
1072 0.408443 0.080594
1073 0.309006 0.176818
1074 0.918637 0.783195
1075 0.705574 0.917056
1076 0.849255 0.879961
1077 0.139331 0.764163
1078 0.387568 0.834634
1079 0.269328 0.887699
1080 0.0901837 0.656112
1081 0.0422233 0.57299
1082 0.0346738 0.533738
1083 0.039265 0.549129
1084 0.105718 0.603873
1085 0.976915 0.423226
1086 0.652134 0.264505
1087 0.260258 0.833781
1088 0.137085 0.803224
1089 0.125629 0.788893
1090 0.114772 0.38647
1091 0.0370736 0.564255
1092 0.156264 0.460947
1093 0.959994 0.359085
1094 0.122837 0.506932
1095 0.442641 0.874842
1096 0.666071 0.100351
1097 0.206499 0.318075
1098 0.248065 0.219078
1099 0.0900051 0.781229
1100 0.463506 0.947928
1101 0.188751 0.148832
1102 0.241279 0.847727
1103 0.0 0.501473
1104 0.331247 0.0924901
1105 0.537758 0.906874
1106 0.929907 0.781832
1107 0.103146 0.259037
1108 0.84417 0.838587
1109 0.64852 0.175897
1110 0.677091 0.185141
1111 0.662858 0.181591
1112 0.196216 0.235885
1113 0.524334 0.910823
1114 0.170412 0.176852
1115 0.0868532 0.730995
1116 0.644947 0.907687
1117 0.545181 0.968158
1118 0.695992 0.0706068
1119 0.459755 0.0351012
1120 0.20829 0.201034
1121 0.0243997 0.646761
1122 0.084282 0.674281
1123 0.0792157 0.276148
1124 0.443028 0.998252
1125 0.500307 0.0
1126 0.36916 0.0826937
1127 0.554278 0.120431
1128 0.0449162 0.430699
1129 0.0654951 0.732436
1130 0.350489 0.0447738
1131 0.071517 0.773877
1132 0.198871 0.917832
1133 0.793965 0.119398
