0 1
0 2
0 3
0 4
0 5
0 6
0 7
0 8
0 9
0 10
0 11
0 12
0 13
0 14
0 15
0 16
0 17
0 18
0 19
0 20
0 21
0 22
0 23
0 24
0 26
0 29
0 30
0 31
0 32
0 33
0 34
0 35
0 36
0 37
0 38
0 39
0 40
0 41
0 42
0 43
0 44
0 45
0 46
0 47
0 50
0 82
0 83
0 84
0 85
0 88
1 2
1 3
1 4
1 5
1 6
1 7
1 8
1 9
1 10
1 11
1 12
1 13
1 14
1 15
1 16
1 17
1 18
1 19
1 20
1 21
1 22
1 23
1 24
1 26
1 29
1 30
1 32
1 33
1 34
1 35
1 36
1 37
1 38
1 39
1 40
1 41
1 42
1 43
1 44
1 45
1 46
1 47
1 82
1 83
1 84
1 85
1 87
1 88
2 3
2 4
2 5
2 6
2 7
2 8
2 9
2 10
2 11
2 12
2 13
2 14
2 15
2 16
2 17
2 18
2 19
2 20
2 21
2 22
2 23
2 24
2 25
2 26
2 27
2 29
2 30
2 31
2 32
2 33
2 34
2 35
2 36
2 37
2 38
2 39
2 40
2 41
2 42
2 43
2 44
2 45
2 46
2 47
2 82
2 83
2 84
2 88
3 4
3 5
3 6
3 7
3 8
3 9
3 10
3 11
3 12
3 13
3 14
3 15
3 16
3 17
3 18
3 19
3 20
3 21
3 22
3 23
3 24
3 25
3 26
3 27
3 29
3 30
3 31
3 32
3 33
3 34
3 35
3 36
3 37
3 38
3 39
3 40
3 41
3 42
3 43
3 44
3 45
3 46
3 47
3 82
3 83
3 84
3 88
4 5
4 6
4 7
4 8
4 9
4 10
4 11
4 12
4 13
4 14
4 15
4 16
4 17
4 18
4 19
4 20
4 21
4 22
4 23
4 24
4 25
4 26
4 27
4 29
4 30
4 31
4 32
4 33
4 34
4 35
4 36
4 37
4 38
4 39
4 40
4 41
4 42
4 43
4 44
4 45
4 46
4 47
4 50
4 82
4 83
4 84
4 85
4 88
5 6
5 7
5 8
5 9
5 10
5 11
5 12
5 13
5 15
5 16
5 17
5 18
5 19
5 20
5 21
5 22
5 23
5 24
5 26
5 29
5 30
5 31
5 32
5 33
5 34
5 35
5 36
5 37
5 38
5 39
5 40
5 41
5 42
5 43
5 44
5 45
5 46
5 47
5 76
5 82
5 83
5 84
5 85
5 87
5 88
6 7
6 8
6 9
6 10
6 11
6 12
6 13
6 14
6 15
6 16
6 17
6 18
6 19
6 20
6 21
6 22
6 23
6 24
6 25
6 26
6 27
6 29
6 30
6 31
6 32
6 33
6 34
6 35
6 36
6 37
6 38
6 39
6 40
6 41
6 42
6 43
6 44
6 45
6 46
6 47
6 50
6 82
6 83
6 84
6 88
7 8
7 9
7 10
7 11
7 12
7 13
7 14
7 15
7 16
7 17
7 18
7 19
7 20
7 21
7 22
7 23
7 24
7 25
7 26
7 29
7 30
7 32
7 33
7 34
7 35
7 36
7 37
7 38
7 39
7 40
7 41
7 42
7 43
7 44
7 45
7 46
7 47
7 82
7 83
7 84
7 87
7 88
8 9
8 10
8 11
8 12
8 13
8 14
8 15
8 16
8 17
8 18
8 19
8 20
8 21
8 22
8 23
8 24
8 26
8 29
8 32
8 33
8 34
8 35
8 36
8 37
8 38
8 39
8 40
8 41
8 42
8 43
8 44
8 45
8 46
8 47
8 82
8 83
8 84
8 87
8 88
9 10
9 11
9 12
9 13
9 14
9 15
9 16
9 17
9 18
9 19
9 20
9 21
9 22
9 23
9 24
9 25
9 26
9 27
9 29
9 30
9 32
9 33
9 34
9 35
9 36
9 37
9 38
9 39
9 40
9 41
9 42
9 43
9 44
9 45
9 46
9 47
9 82
9 83
9 88
10 11
10 12
10 13
10 14
10 15
10 16
10 17
10 18
10 19
10 20
10 21
10 22
10 23
10 24
10 25
10 26
10 27
10 28
10 29
10 30
10 31
10 32
10 33
10 34
10 35
10 36
10 37
10 38
10 39
10 40
10 41
10 42
10 43
10 44
10 45
10 46
10 47
10 49
10 50
10 82
10 83
10 88
11 12
11 13
11 14
11 15
11 16
11 17
11 18
11 19
11 20
11 21
11 22
11 23
11 24
11 25
11 26
11 27
11 29
11 30
11 31
11 32
11 33
11 34
11 35
11 36
11 37
11 38
11 39
11 40
11 41
11 42
11 43
11 44
11 45
11 46
11 47
11 49
11 50
11 52
11 82
11 83
11 84
11 85
11 88
12 13
12 14
12 15
12 16
12 17
12 18
12 19
12 20
12 22
12 23
12 24
12 25
12 26
12 27
12 28
12 29
12 30
12 32
12 33
12 38
12 42
12 45
12 46
12 47
12 49
13 14
13 15
13 16
13 17
13 18
13 19
13 20
13 22
13 23
13 24
13 25
13 26
13 27
13 28
13 30
13 32
13 38
13 46
13 47
13 49
14 15
14 16
14 17
14 18
14 19
14 20
14 22
14 23
14 24
14 25
14 26
14 27
14 28
14 30
14 46
14 47
15 16
15 17
15 18
15 19
15 20
15 22
15 23
15 24
15 25
15 26
15 27
15 28
15 30
15 32
15 33
15 38
15 42
15 45
15 46
15 47
16 17
16 18
16 19
16 20
16 21
16 22
16 23
16 24
16 25
16 26
16 27
16 28
16 29
16 30
16 32
16 33
16 38
16 42
16 43
16 44
16 45
16 46
16 47
17 18
17 19
17 20
17 22
17 23
17 24
17 25
17 26
17 27
17 28
17 29
17 30
17 32
17 33
17 38
17 42
17 46
17 47
17 49
18 19
18 20
18 21
18 22
18 23
18 24
18 25
18 26
18 27
18 28
18 29
18 30
18 32
18 33
18 34
18 38
18 39
18 40
18 42
18 43
18 44
18 45
18 46
18 47
18 49
19 20
19 21
19 22
19 23
19 24
19 25
19 27
19 29
19 32
19 33
19 38
19 39
19 40
19 42
19 43
19 44
19 45
19 46
19 47
20 21
20 22
20 23
20 25
20 26
20 32
20 33
20 38
20 39
20 40
20 41
20 42
20 43
20 44
20 45
20 46
20 47
21 22
21 23
21 24
21 29
21 30
21 31
21 32
21 33
21 34
21 35
21 36
21 37
21 38
21 39
21 40
21 41
21 42
21 43
21 44
21 45
21 46
21 47
21 76
21 77
21 82
21 83
21 84
21 85
21 87
21 88
22 23
22 24
22 25
22 26
22 27
22 28
22 29
22 30
22 32
22 33
22 34
22 36
22 38
22 39
22 40
22 42
22 43
22 44
22 45
22 46
22 47
22 49
23 24
23 25
23 26
23 27
23 28
23 29
23 30
23 31
23 32
23 33
23 34
23 35
23 36
23 37
23 38
23 39
23 40
23 41
23 42
23 43
23 44
23 45
23 46
23 47
23 49
23 50
23 52
23 83
24 25
24 26
24 27
24 29
24 30
24 31
24 32
24 33
24 34
24 35
24 36
24 38
24 39
24 40
24 42
24 43
24 48
24 49
24 50
24 51
25 26
25 27
25 28
25 30
25 49
26 27
26 28
26 29
26 30
26 32
26 33
26 38
26 42
26 49
26 51
27 28
27 30
27 48
27 49
27 50
27 51
28 49
28 30
29 30
29 31
29 32
29 33
29 34
29 35
29 36
29 37
29 38
29 39
29 40
29 41
29 42
29 43
29 44
29 45
29 50
29 52
29 82
29 83
29 84
29 85
29 86
29 88
30 31
30 32
30 33
30 34
30 38
30 48
30 49
30 50
30 51
30 52
30 53
30 54
30 56
30 57
31 86
31 32
31 33
31 34
31 35
31 36
31 37
31 48
31 50
31 52
31 53
31 55
31 57
31 85
32 33
32 34
32 35
32 36
32 37
32 38
32 39
32 40
32 41
32 42
32 43
32 44
32 45
32 46
32 47
32 50
32 82
32 83
32 84
32 85
32 88
33 34
33 35
33 36
33 37
33 38
33 39
33 40
33 41
33 42
33 43
33 44
33 45
33 46
33 50
33 76
33 77
33 82
33 83
33 84
33 85
33 87
33 88
34 35
34 36
34 37
34 38
34 39
34 40
34 41
34 42
34 43
34 44
34 45
34 46
34 76
34 77
34 78
34 82
34 83
34 84
34 85
34 86
34 87
34 88
35 76
35 77
35 78
35 79
35 82
35 67
35 84
35 86
35 88
35 36
35 37
35 38
35 39
35 40
35 41
35 42
35 43
35 44
35 83
35 87
35 85
36 37
36 38
36 39
36 40
36 41
36 42
36 43
36 44
36 45
36 46
36 67
36 76
36 77
36 78
36 79
36 82
36 83
36 84
36 85
36 86
36 87
36 88
37 38
37 39
37 40
37 41
37 42
37 43
37 44
37 45
37 66
37 67
37 76
37 77
37 78
37 79
37 80
37 81
37 82
37 83
37 84
37 85
37 86
37 87
37 88
38 39
38 40
38 41
38 42
38 43
38 44
38 45
38 46
38 47
38 76
38 82
38 83
38 84
38 85
38 87
38 88
39 76
39 77
39 88
39 40
39 41
39 42
39 43
39 44
39 45
39 46
39 47
39 83
39 82
39 84
39 87
39 85
40 76
40 77
40 88
40 41
40 42
40 43
40 44
40 45
40 46
40 47
40 83
40 82
40 84
40 87
40 85
41 76
41 77
41 81
41 82
41 83
41 88
41 42
41 43
41 44
41 45
41 46
41 47
41 84
41 87
41 85
42 43
42 44
42 45
42 46
42 47
42 76
42 82
42 83
42 84
42 85
42 87
42 88
43 44
43 45
43 46
43 47
43 76
43 77
43 82
43 83
43 84
43 85
43 87
43 88
44 76
44 77
44 88
44 45
44 46
44 47
44 83
44 82
44 84
44 87
45 88
45 82
45 46
45 47
45 83
45 87
46 88
46 47
46 83
48 49
48 50
48 51
48 52
48 53
48 54
48 56
48 57
48 58
49 50
49 51
49 52
49 53
49 56
49 57
50 51
50 52
50 53
50 54
50 56
50 57
51 52
51 53
51 54
51 56
51 57
51 58
52 53
52 54
52 56
52 57
52 58
52 55
53 54
53 55
53 56
53 57
53 58
53 59
54 55
54 56
54 57
54 58
54 59
55 57
55 56
55 73
55 59
55 86
56 57
56 58
56 59
57 58
57 59
58 59
60 64
60 65
60 66
60 67
60 68
60 69
60 70
60 71
60 72
60 74
60 75
60 77
60 78
60 79
60 80
60 81
60 89
60 90
60 91
60 92
60 94
60 98
60 99
60 61
60 62
60 63
61 64
61 65
61 66
61 67
61 68
61 69
61 70
61 72
61 74
61 75
61 77
61 78
61 79
61 80
61 81
61 89
61 90
61 91
61 92
61 94
61 98
61 99
61 62
61 63
62 64
62 65
62 66
62 67
62 68
62 69
62 70
62 72
62 74
62 75
62 79
62 80
62 89
62 90
62 91
62 92
62 93
62 94
62 97
62 98
62 99
62 63
63 64
63 65
63 66
63 67
63 68
63 69
63 70
63 72
63 74
63 75
63 76
63 77
63 78
63 79
63 80
63 81
63 89
63 90
63 91
63 92
63 98
64 65
64 66
64 67
64 68
64 69
64 70
64 72
64 74
64 75
64 76
64 77
64 78
64 79
64 80
64 81
64 82
64 84
64 85
64 87
64 88
64 89
64 90
65 66
65 67
65 68
65 69
65 70
65 72
65 74
65 75
65 76
65 77
65 78
65 79
65 80
65 81
65 87
65 89
65 90
66 67
66 68
66 69
66 70
66 71
66 72
66 74
66 75
66 76
66 77
66 78
66 79
66 80
66 81
66 82
66 84
66 85
66 87
66 89
66 90
66 91
67 68
67 69
67 70
67 71
67 72
67 73
67 74
67 75
67 76
67 77
67 78
67 79
67 80
67 81
67 82
67 84
67 85
67 86
68 69
68 70
68 71
68 72
68 73
68 74
68 75
68 76
68 77
68 78
68 79
68 80
68 81
68 84
68 85
68 86
68 89
68 90
68 91
68 92
68 98
69 70
69 71
69 72
69 74
69 75
69 77
69 78
69 79
69 80
69 89
69 90
69 91
69 92
69 93
69 94
69 97
69 98
69 99
70 71
70 72
70 73
70 74
70 75
70 77
70 78
70 79
70 80
70 85
70 86
70 89
70 90
70 91
70 92
70 93
70 98
70 99
71 93
71 72
71 73
71 74
71 78
71 86
71 89
71 100
71 90
71 92
71 102
72 73
72 74
72 75
72 77
72 78
72 79
72 85
72 86
72 89
72 90
72 91
72 92
72 98
73 86
73 74
73 92
73 102
73 78
74 75
74 78
74 79
74 89
74 90
74 91
74 92
74 94
74 97
74 100
75 78
75 79
75 89
75 90
75 91
75 92
75 94
75 97
75 98
75 99
75 100
76 77
76 78
76 79
76 80
76 81
76 82
76 83
76 84
76 87
76 88
76 85
77 78
77 79
77 80
77 81
77 82
77 83
77 84
77 86
77 87
77 88
77 85
78 79
78 80
78 81
78 82
78 83
78 84
78 85
78 86
78 87
78 88
79 80
79 81
79 82
79 83
79 84
79 85
79 87
79 88
80 81
80 82
80 83
80 84
80 85
80 87
80 88
81 82
81 83
81 84
81 85
81 87
81 88
82 84
82 87
82 88
82 83
82 85
83 84
83 88
83 87
83 85
84 86
84 87
84 88
84 85
85 86
85 87
85 88
87 88
89 90
89 91
89 92
89 93
89 94
89 95
89 97
89 98
89 99
89 100
89 103
89 105
90 91
90 92
90 93
90 94
90 95
90 97
90 98
90 99
90 100
90 103
90 105
91 92
91 93
91 94
91 95
91 97
91 98
91 99
91 100
91 101
91 102
91 103
91 105
92 93
92 94
92 97
92 98
92 99
92 100
92 101
92 102
92 103
93 96
93 97
93 98
93 99
93 100
93 104
93 105
93 106
93 103
93 95
93 94
93 102
93 101
94 133
94 96
94 97
94 98
94 99
94 100
94 101
94 103
94 104
94 105
94 95
95 132
95 133
95 134
95 135
95 96
95 97
95 98
95 99
95 100
95 101
95 103
95 104
95 105
95 106
95 119
95 120
95 121
95 122
95 126
95 127
96 129
96 130
96 131
96 132
96 133
96 134
96 135
96 97
96 99
96 100
96 101
96 103
96 104
96 105
96 106
96 107
96 110
96 111
96 112
96 113
96 119
96 120
96 121
96 122
96 124
96 125
96 126
96 127
97 133
97 134
97 98
97 99
97 100
97 101
97 103
97 104
97 105
97 106
97 120
98 99
98 100
98 101
98 103
98 104
98 105
99 100
99 101
99 102
99 103
99 104
99 105
100 133
100 134
100 101
100 102
100 103
100 104
100 105
100 106
100 120
100 121
100 122
101 133
101 102
101 103
101 104
101 105
101 106
101 112
101 119
101 120
101 121
101 122
101 124
101 125
101 126
101 127
102 103
102 106
102 123
103 132
103 133
103 134
103 135
103 104
103 105
103 106
103 119
103 120
103 121
103 122
103 125
103 127
104 129
104 131
104 132
104 133
104 134
104 135
104 105
104 106
104 107
104 108
104 110
104 111
104 112
104 113
104 119
104 120
104 121
104 122
104 124
104 125
104 126
104 127
105 134
105 106
105 135
105 120
105 133
106 129
106 132
106 133
106 134
106 135
106 107
106 108
106 109
106 110
106 111
106 112
106 113
106 115
106 116
106 119
106 120
106 121
106 122
106 124
106 125
106 126
106 127
107 128
107 129
107 130
107 131
107 132
107 133
107 134
107 135
107 136
107 137
107 138
107 139
107 140
107 141
107 142
107 143
107 144
107 145
107 146
107 147
107 148
107 149
107 150
107 151
107 162
107 163
107 164
107 165
107 108
107 109
107 110
107 111
107 112
107 113
107 114
107 115
107 116
107 117
107 118
107 119
107 120
107 121
107 122
107 124
107 125
107 126
107 127
108 128
108 129
108 130
108 131
108 132
108 133
108 134
108 135
108 136
108 137
108 138
108 139
108 140
108 141
108 142
108 143
108 144
108 145
108 146
108 147
108 148
108 150
108 151
108 162
108 163
108 164
108 165
108 109
108 110
108 111
108 112
108 113
108 114
108 115
108 116
108 117
108 118
108 119
108 120
108 121
108 122
108 124
108 125
108 126
108 127
109 128
109 129
109 130
109 131
109 132
109 133
109 134
109 135
109 136
109 137
109 138
109 139
109 140
109 141
109 142
109 143
109 144
109 145
109 146
109 147
109 148
109 149
109 150
109 151
109 154
109 162
109 163
109 164
109 165
109 110
109 111
109 112
109 113
109 114
109 115
109 116
109 117
109 118
109 119
109 120
109 121
109 122
109 124
109 125
109 126
109 127
110 128
110 129
110 130
110 131
110 132
110 133
110 134
110 135
110 136
110 137
110 138
110 139
110 140
110 141
110 142
110 143
110 144
110 145
110 146
110 147
110 148
110 149
110 150
110 151
110 162
110 163
110 164
110 165
110 111
110 112
110 113
110 114
110 115
110 116
110 117
110 118
110 119
110 120
110 121
110 122
110 124
110 125
110 126
110 127
111 128
111 129
111 130
111 131
111 132
111 133
111 134
111 135
111 136
111 137
111 138
111 139
111 140
111 141
111 142
111 143
111 144
111 145
111 146
111 148
111 150
111 151
111 162
111 163
111 164
111 165
111 112
111 113
111 114
111 115
111 116
111 117
111 118
111 119
111 120
111 121
111 122
111 124
111 125
111 126
111 127
112 128
112 129
112 130
112 131
112 132
112 133
112 134
112 135
112 136
112 137
112 138
112 139
112 142
112 143
112 144
112 145
112 150
112 162
112 164
112 165
112 113
112 114
112 115
112 116
112 117
112 118
112 119
112 120
112 121
112 122
112 124
112 125
112 126
112 127
113 128
113 129
113 130
113 131
113 132
113 133
113 134
113 135
113 136
113 137
113 138
113 139
113 140
113 141
113 142
113 143
113 144
113 145
113 148
113 149
113 150
113 151
113 162
113 164
113 114
113 115
113 116
113 117
113 118
113 119
113 120
113 121
113 122
113 124
113 125
113 126
113 127
114 128
114 129
114 130
114 131
114 132
114 133
114 134
114 135
114 136
114 137
114 138
114 139
114 140
114 141
114 142
114 143
114 144
114 145
114 146
114 147
114 148
114 149
114 150
114 151
114 154
114 162
114 164
114 165
114 115
114 116
114 117
114 118
114 119
114 120
114 121
114 122
114 124
114 125
114 126
114 127
115 128
115 129
115 131
115 132
115 134
115 136
115 137
115 138
115 139
115 143
115 145
115 146
115 148
115 150
115 162
115 163
115 164
115 165
115 166
115 169
115 116
115 117
115 118
115 119
115 120
115 121
115 122
115 124
115 125
115 126
115 127
116 128
116 129
116 130
116 131
116 132
116 134
116 136
116 137
116 138
116 139
116 140
116 141
116 142
116 143
116 144
116 145
116 146
116 147
116 148
116 149
116 150
116 151
116 152
116 154
116 162
116 163
116 164
116 165
116 168
116 117
116 118
116 119
116 120
116 121
116 122
116 124
116 125
116 126
116 127
117 128
117 129
117 131
117 136
117 137
117 138
117 139
117 140
117 141
117 142
117 143
117 144
117 145
117 146
117 147
117 148
117 149
117 150
117 151
117 152
117 153
117 154
117 161
117 162
117 163
117 164
117 165
117 166
117 168
117 169
117 171
117 118
117 119
117 121
117 122
117 124
117 125
117 126
117 127
118 128
118 129
118 130
118 131
118 132
118 134
118 136
118 137
118 138
118 139
118 140
118 141
118 142
118 143
118 144
118 145
118 146
118 147
118 148
118 149
118 150
118 151
118 152
118 153
118 154
118 155
118 156
118 158
118 161
118 162
118 163
118 164
118 165
118 168
118 119
118 120
118 121
118 122
118 124
118 125
118 126
118 127
119 128
119 129
119 130
119 131
119 132
119 133
119 134
119 135
119 136
119 137
119 143
119 144
119 165
119 164
119 120
119 121
119 122
119 124
119 125
119 126
119 127
120 128
120 129
120 130
120 131
120 132
120 133
120 134
120 135
120 143
120 144
120 121
120 122
120 124
120 125
120 126
120 127
121 128
121 129
121 131
121 132
121 133
121 134
121 135
121 122
121 124
121 125
121 126
121 127
122 129
122 132
122 133
122 134
122 135
122 165
122 124
122 125
122 126
122 127
123 167
124 128
124 129
124 132
124 133
124 134
124 136
124 164
124 165
124 166
124 125
124 126
124 127
125 128
125 129
125 130
125 131
125 132
125 133
125 134
125 135
125 136
125 137
125 138
125 139
125 142
125 143
125 144
125 150
125 165
125 164
125 126
125 127
126 128
126 129
126 130
126 131
126 132
126 133
126 134
126 135
126 136
126 137
126 138
126 139
126 140
126 142
126 143
126 144
126 150
126 164
126 127
127 128
127 129
127 130
127 131
127 132
127 133
127 134
127 135
127 136
127 137
127 138
127 142
127 143
127 144
128 129
128 130
128 131
128 132
128 133
128 134
128 135
128 136
128 137
128 138
128 139
128 140
128 141
128 142
128 143
128 144
128 145
128 146
128 147
128 148
128 149
128 150
128 151
128 154
128 158
128 160
128 162
128 164
129 130
129 131
129 132
129 133
129 134
129 135
129 136
129 137
129 138
129 139
129 140
129 141
129 142
129 143
129 144
129 150
129 151
130 131
130 132
130 133
130 134
130 135
130 136
130 137
130 138
130 139
130 140
130 141
130 142
130 143
130 144
130 150
130 151
131 132
131 133
131 134
131 135
131 136
131 137
131 138
131 139
131 140
131 141
131 142
131 143
131 144
131 150
131 151
132 133
132 134
132 135
132 136
132 138
132 139
132 140
132 142
132 143
132 144
133 134
133 135
133 144
134 135
134 143
134 144
135 143
135 144
136 137
136 138
136 139
136 140
136 141
136 142
136 143
136 144
136 145
136 146
136 147
136 148
136 149
136 150
136 151
136 152
136 153
136 154
136 155
136 156
136 157
136 158
136 160
136 161
136 162
136 163
136 164
136 168
137 138
137 139
137 140
137 141
137 142
137 143
137 144
137 145
137 146
137 147
137 148
137 149
137 150
137 151
137 152
137 153
137 154
137 155
137 156
137 157
137 158
137 160
137 161
137 162
137 163
137 164
137 165
137 168
137 169
137 205
137 207
137 208
138 139
138 140
138 141
138 142
138 143
138 144
138 145
138 146
138 147
138 148
138 149
138 150
138 151
138 152
138 153
138 154
138 155
138 156
138 157
138 158
138 160
138 161
138 162
138 163
138 164
138 168
138 207
138 208
139 140
139 141
139 142
139 143
139 144
139 145
139 146
139 147
139 148
139 149
139 150
139 151
139 152
139 153
139 154
139 155
139 156
139 157
139 158
139 159
139 160
139 161
139 162
139 164
139 168
139 207
139 208
139 209
140 141
140 142
140 143
140 144
140 145
140 146
140 147
140 148
140 149
140 150
140 151
140 152
140 153
140 154
140 155
140 156
140 157
140 158
140 159
140 160
141 142
141 143
141 144
141 145
141 146
141 147
141 148
141 149
141 150
141 151
141 152
141 153
141 154
141 155
141 156
141 157
141 158
141 159
141 160
141 208
141 162
141 209
141 202
142 143
142 144
142 145
142 146
142 147
142 148
142 149
142 150
142 151
142 154
142 155
142 158
142 160
143 144
143 145
143 146
143 147
143 148
143 149
143 150
143 151
143 153
143 154
143 155
143 158
143 160
143 162
143 164
144 145
144 147
144 148
144 149
144 150
144 151
144 154
144 158
144 160
145 146
145 147
145 148
145 149
145 150
145 151
145 152
145 153
145 154
145 155
145 156
145 157
145 158
145 160
145 161
145 162
145 163
145 164
145 165
145 168
145 169
145 204
145 205
145 207
145 208
145 209
146 147
146 148
146 149
146 150
146 151
146 152
146 153
146 154
146 155
146 156
146 157
146 158
146 160
146 161
146 162
146 163
146 164
146 165
146 168
146 169
146 170
146 173
146 174
146 195
146 197
146 202
146 204
146 205
146 207
146 208
146 209
147 148
147 149
147 150
147 151
147 152
147 153
147 154
147 155
147 156
147 157
147 158
147 159
147 160
147 161
147 162
147 163
147 164
147 168
147 169
147 173
147 195
147 197
147 198
147 202
147 204
147 205
147 207
147 208
147 209
148 149
148 150
148 151
148 152
148 153
148 154
148 155
148 156
148 157
148 158
148 159
148 160
148 161
148 162
148 163
148 164
148 168
148 169
148 197
148 202
148 204
148 205
148 207
148 208
148 209
149 150
149 151
149 152
149 153
149 154
149 155
149 156
149 157
149 158
149 159
149 160
149 161
149 162
149 164
149 168
149 197
149 202
149 204
149 205
149 207
149 208
149 209
150 151
150 152
150 153
150 154
150 155
150 156
150 157
150 158
150 159
150 160
150 161
150 162
150 163
150 164
150 168
150 169
150 205
150 207
150 208
150 209
151 152
151 153
151 154
151 155
151 156
151 157
151 158
151 159
151 160
151 161
151 162
151 164
151 168
151 202
151 207
151 208
151 209
152 195
152 196
152 197
152 198
152 206
152 207
152 208
152 205
152 153
152 154
152 155
152 156
152 157
152 158
152 159
152 160
152 161
152 162
152 163
152 164
152 209
152 168
152 169
152 170
152 174
152 173
152 204
153 154
153 155
153 156
153 157
153 158
153 159
153 160
153 161
153 162
153 163
153 164
153 168
153 169
153 173
153 174
153 195
153 196
153 197
153 198
153 199
153 202
153 204
153 205
153 206
153 207
153 208
153 209
154 155
154 156
154 157
154 158
154 159
154 160
154 161
154 162
154 164
154 168
154 173
154 195
154 196
154 197
154 198
154 202
154 204
154 205
154 207
154 208
154 209
155 195
155 196
155 197
155 198
155 199
155 208
155 205
155 156
155 157
155 158
155 159
155 160
155 161
155 162
155 164
155 214
155 209
155 168
155 203
155 200
155 204
155 207
155 202
156 157
156 158
156 159
156 160
156 161
156 162
156 163
156 164
156 168
156 169
156 173
156 174
156 191
156 195
156 196
156 197
156 198
156 199
156 202
156 204
156 205
156 206
156 207
156 208
156 209
156 214
157 195
157 197
157 198
157 199
157 207
157 208
157 205
157 158
157 159
157 160
157 161
157 162
157 214
157 209
157 168
157 203
157 204
157 201
157 202
157 191
158 195
158 197
158 198
158 207
158 159
158 160
158 161
158 162
158 209
158 168
158 205
158 208
158 203
158 200
158 204
158 202
159 195
159 196
159 197
159 198
159 199
159 200
159 201
159 202
159 207
159 208
159 209
159 210
159 160
159 214
159 203
159 213
160 197
160 203
160 207
160 208
160 209
160 202
161 195
161 196
161 197
161 198
161 204
161 205
161 206
161 207
161 208
161 162
161 163
161 164
161 209
161 168
161 169
161 170
161 173
161 174
161 178
161 202
161 191
162 163
162 164
162 165
162 168
162 169
162 170
162 171
162 173
162 174
162 204
162 205
162 207
162 208
163 207
163 164
163 165
163 166
163 168
163 169
163 170
163 171
163 173
163 174
164 165
164 166
164 168
164 169
164 170
164 171
164 173
164 174
164 205
165 166
165 167
165 168
165 169
165 170
165 171
166 167
166 169
166 170
166 171
167 171
168 195
168 197
168 204
168 205
168 206
168 207
168 208
168 209
168 169
168 170
168 171
168 173
168 174
169 204
169 205
169 206
169 207
169 170
169 171
169 173
169 174
170 171
170 172
170 173
170 174
170 205
171 172
171 173
171 174
172 174
173 195
173 197
173 204
173 205
173 206
173 207
173 208
173 174
173 178
173 179
173 191
174 206
174 205
174 178
174 204
174 207
175 192
175 193
175 195
175 196
175 197
175 198
175 204
175 206
175 210
175 211
175 214
175 179
175 182
175 240
175 241
175 178
175 176
175 177
175 242
175 243
175 244
175 181
175 246
175 183
175 184
175 185
175 186
175 188
175 189
175 190
175 191
176 192
176 193
176 194
176 195
176 196
176 197
176 198
176 199
176 200
176 183
176 204
176 206
176 210
176 211
176 212
176 213
176 214
176 179
176 182
176 177
176 178
176 240
176 241
176 242
176 243
176 244
176 181
176 246
176 247
176 184
176 185
176 186
176 187
176 188
176 189
176 190
176 191
177 179
177 178
177 206
177 242
177 243
177 180
177 181
177 182
177 183
177 185
177 190
177 191
178 192
178 195
178 196
178 197
178 204
178 205
178 206
178 207
178 242
178 179
178 180
178 181
178 182
178 183
178 185
178 189
178 190
178 191
179 192
179 195
179 196
179 197
179 204
179 205
179 206
179 207
179 288
179 242
179 243
179 180
179 181
179 182
179 183
179 185
179 189
179 190
179 191
180 288
180 181
180 182
180 206
180 287
181 192
181 196
181 182
181 243
181 206
181 185
181 288
181 227
181 241
181 232
181 240
181 242
181 244
181 246
181 183
181 184
181 186
181 188
181 189
181 190
181 191
182 288
182 226
182 227
182 228
182 240
182 241
182 242
182 243
182 246
182 183
182 244
182 249
182 287
183 192
183 193
183 194
183 195
183 196
183 210
183 211
183 214
183 240
183 191
183 227
183 241
183 232
183 242
183 243
183 244
183 245
183 246
183 247
183 184
183 185
183 186
183 187
183 188
183 189
183 190
184 192
184 193
184 194
184 196
184 210
184 211
184 212
184 213
184 214
184 185
184 240
184 191
184 232
184 233
184 234
184 237
184 238
184 239
184 241
184 242
184 243
184 245
184 246
184 247
184 248
184 249
184 186
184 187
184 188
184 189
184 190
185 192
185 193
185 194
185 195
185 196
185 197
185 198
185 199
185 200
185 210
185 211
185 212
185 213
185 214
185 191
185 238
185 240
185 241
185 242
185 243
185 244
185 245
185 246
185 247
185 186
185 187
185 188
185 189
185 190
186 192
186 193
186 194
186 196
186 200
186 210
186 211
186 212
186 213
186 214
186 240
186 191
186 233
186 237
186 238
186 239
186 241
186 242
186 243
186 244
186 245
186 246
186 247
186 187
186 188
186 189
186 190
187 192
187 193
187 194
187 200
187 201
187 210
187 211
187 212
187 213
187 214
187 240
187 237
187 238
187 239
187 241
187 245
187 246
187 247
187 188
187 189
187 190
188 192
188 193
188 194
188 195
188 196
188 197
188 198
188 199
188 200
188 201
188 210
188 211
188 212
188 213
188 214
188 240
188 241
188 242
188 246
188 247
188 189
188 190
188 191
189 192
189 193
189 194
189 195
189 196
189 197
189 198
189 199
189 200
189 201
189 202
189 203
189 204
189 206
189 208
189 209
189 210
189 211
189 212
189 213
189 214
189 240
189 241
189 242
189 247
189 190
189 191
190 192
190 195
190 196
190 197
190 198
190 199
190 200
190 202
190 204
190 205
190 206
190 207
190 208
190 209
190 210
190 211
190 212
190 213
190 214
190 241
190 242
190 243
190 191
191 192
191 195
191 196
191 197
191 198
191 199
191 200
191 202
191 204
191 205
191 206
191 207
191 208
191 209
191 210
191 211
191 213
191 214
191 241
191 242
192 195
192 196
192 197
192 198
192 199
192 200
192 203
192 204
192 206
192 207
192 208
192 209
192 210
192 211
192 212
192 213
192 214
192 241
192 242
193 194
193 210
193 211
193 212
193 239
193 240
193 232
193 233
193 234
193 235
193 236
193 237
193 238
193 241
193 242
193 243
193 244
193 245
193 246
193 247
193 248
193 249
193 252
194 210
194 211
194 212
194 213
194 232
194 233
194 234
194 235
194 237
194 238
194 239
194 240
194 241
194 242
194 243
194 244
194 245
194 246
194 247
194 248
195 196
195 197
195 198
195 199
195 200
195 201
195 202
195 203
195 204
195 205
195 206
195 207
195 208
195 209
195 211
195 213
195 214
195 210
196 197
196 198
196 199
196 201
196 202
196 203
196 204
196 205
196 206
196 207
196 208
196 209
196 210
196 211
196 212
196 213
196 214
197 198
197 199
197 200
197 201
197 202
197 203
197 204
197 205
197 206
197 207
197 208
197 209
197 210
197 211
197 213
197 214
198 199
198 200
198 201
198 202
198 203
198 204
198 205
198 206
198 207
198 208
198 209
198 210
198 212
198 213
198 214
198 211
199 200
199 201
199 202
199 203
199 204
199 207
199 208
199 209
199 210
199 211
199 212
199 213
199 214
200 201
200 202
200 203
200 207
200 208
200 209
200 210
200 211
200 212
200 213
200 214
201 202
201 203
201 208
201 209
201 210
201 211
201 212
201 213
201 214
202 203
202 204
202 207
202 208
202 209
202 205
202 214
202 210
202 211
202 212
202 213
203 208
203 209
203 210
203 211
203 212
203 213
203 214
204 205
204 206
204 207
204 208
204 214
204 209
205 206
205 207
205 208
205 209
206 207
206 208
206 209
206 214
207 208
207 209
207 214
208 209
208 210
208 214
209 213
209 214
209 210
209 211
210 211
210 212
210 213
210 214
210 241
211 212
211 213
211 214
211 241
211 247
212 213
212 214
212 241
213 214
215 266
215 267
215 268
215 269
215 270
215 271
215 272
215 273
215 274
215 275
215 216
215 217
215 218
215 219
215 220
215 221
215 222
215 223
215 224
215 225
215 290
215 229
215 230
215 231
215 232
215 284
215 234
215 235
215 236
215 237
215 238
215 245
215 233
215 248
215 249
215 250
215 251
215 252
216 261
216 266
216 267
216 268
216 269
216 270
216 271
216 272
216 273
216 274
216 275
216 290
216 281
216 218
216 219
216 220
216 221
216 222
216 223
216 224
216 225
216 226
216 229
216 230
216 231
216 232
216 284
216 234
216 235
216 236
216 237
216 245
216 233
216 248
216 249
216 217
216 251
216 252
216 250
217 261
217 266
217 267
217 268
217 269
217 270
217 271
217 272
217 273
217 274
217 275
217 218
217 219
217 220
217 221
217 222
217 223
217 224
217 225
217 290
217 229
217 230
217 231
217 284
217 234
217 235
217 236
217 237
217 233
217 248
217 250
217 251
217 252
218 266
218 267
218 268
218 269
218 270
218 271
218 272
218 273
218 274
218 275
218 219
218 220
218 221
218 222
218 223
218 224
218 225
218 290
218 229
218 230
218 231
218 232
218 284
218 234
218 235
218 236
218 237
218 238
218 245
218 233
218 248
218 249
218 250
218 251
218 252
219 266
219 267
219 268
219 269
219 270
219 272
219 273
219 274
219 275
219 220
219 221
219 222
219 223
219 224
219 225
219 226
219 229
219 230
219 231
219 232
219 284
219 234
219 235
219 236
219 237
219 238
219 245
219 233
219 248
219 249
219 250
219 251
219 252
219 290
220 266
220 267
220 268
220 269
220 271
220 272
220 273
220 274
220 275
220 221
220 222
220 223
220 224
220 225
220 290
220 229
220 230
220 231
220 233
220 234
220 235
220 236
220 237
220 238
220 245
220 248
220 250
220 251
220 252
221 267
221 268
221 274
221 275
221 222
221 223
221 224
221 225
221 290
221 229
221 230
221 231
221 232
221 233
221 234
221 235
221 236
221 237
221 238
221 239
221 245
221 247
221 248
221 249
221 250
221 251
221 252
222 266
222 267
222 268
222 269
222 270
222 273
222 274
222 275
222 290
222 281
222 223
222 224
222 225
222 226
222 229
222 230
222 231
222 232
222 284
222 234
222 235
222 236
222 237
222 238
222 244
222 245
222 246
222 233
222 248
222 249
222 251
222 252
222 250
223 261
223 264
223 265
223 266
223 267
223 268
223 269
223 270
223 271
223 272
223 273
223 274
223 275
223 252
223 282
223 224
223 225
223 226
223 229
223 230
223 231
223 232
223 284
223 234
223 235
223 236
223 296
223 285
223 233
223 248
223 249
223 250
223 251
223 281
223 290
224 266
224 267
224 268
224 269
224 270
224 274
224 275
224 281
224 282
224 284
224 285
224 290
224 225
224 226
224 227
224 228
224 229
224 230
224 231
224 232
224 233
224 234
224 235
224 236
224 237
224 238
224 240
224 243
224 244
224 245
224 246
224 248
224 249
224 250
224 251
224 252
225 266
225 267
225 270
225 274
225 275
225 252
225 226
225 227
225 228
225 229
225 230
225 231
225 232
225 284
225 234
225 235
225 285
225 296
225 243
225 244
225 286
225 246
225 233
225 248
225 249
225 250
225 251
225 281
225 283
225 245
226 281
226 282
226 284
226 285
226 286
226 227
226 228
226 230
226 231
226 232
226 233
226 234
226 235
226 240
226 241
226 242
226 243
226 244
226 246
226 247
226 248
226 249
226 250
226 251
226 252
226 283
226 245
227 283
227 284
227 286
227 288
227 228
227 231
227 232
227 233
227 240
227 241
227 242
227 243
227 244
227 246
227 248
227 249
227 250
227 251
227 245
228 246
228 281
228 282
228 283
228 284
228 285
228 286
228 288
228 231
228 232
228 242
228 243
228 244
228 248
228 249
228 250
228 251
229 261
229 263
229 264
229 265
229 266
229 267
229 268
229 269
229 270
229 271
229 272
229 273
229 274
229 275
229 252
229 290
229 230
229 231
229 232
229 284
229 234
229 235
229 236
229 233
229 248
229 249
229 250
229 251
229 281
230 261
230 264
230 265
230 266
230 267
230 268
230 269
230 270
230 271
230 272
230 273
230 274
230 275
230 280
230 281
230 282
230 284
230 285
230 290
230 295
230 296
230 231
230 232
230 233
230 234
230 235
230 248
230 249
230 250
230 251
230 252
231 261
231 266
231 267
231 268
231 269
231 270
231 271
231 280
231 248
231 275
231 251
231 252
231 282
231 232
231 284
231 235
231 285
231 233
231 290
231 250
231 249
231 281
231 283
232 245
232 284
232 233
232 234
232 235
232 236
232 237
232 238
232 239
232 240
232 241
232 242
232 243
232 244
232 286
232 246
232 247
232 248
232 249
232 250
232 251
232 252
233 234
233 235
233 236
233 237
233 238
233 239
233 240
233 241
233 242
233 243
233 244
233 245
233 246
233 247
233 248
233 249
233 251
233 252
233 250
234 235
234 236
234 237
234 238
234 239
234 240
234 241
234 243
234 244
234 245
234 246
234 247
234 248
234 249
234 250
234 251
234 252
235 267
235 290
235 275
235 236
235 237
235 238
235 239
235 240
235 243
235 244
235 245
235 246
235 247
235 248
235 249
235 250
235 251
235 252
236 275
236 290
236 237
236 238
236 239
236 240
236 245
236 247
236 248
236 251
236 252
237 238
237 239
237 240
237 241
237 244
237 245
237 246
237 247
237 248
237 249
237 251
237 252
238 239
238 240
238 241
238 243
238 244
238 245
238 246
238 247
238 248
238 249
238 250
238 251
238 252
239 240
239 241
239 244
239 245
239 246
239 247
239 248
239 251
239 252
240 241
240 242
240 243
240 244
240 246
240 247
240 248
240 249
240 250
240 251
240 252
240 245
241 242
241 243
241 244
241 245
241 246
241 247
241 248
241 249
241 250
242 286
242 243
242 244
242 245
242 246
242 247
242 248
242 249
242 250
243 286
243 244
243 246
243 247
243 248
243 249
243 250
243 251
243 252
243 245
244 245
244 286
244 246
244 247
244 248
244 249
244 250
244 251
244 252
245 246
245 247
245 248
245 249
245 250
245 251
245 252
246 247
246 248
246 249
246 250
246 251
246 252
247 248
247 249
247 250
247 251
247 252
248 275
248 284
248 249
248 250
248 251
248 252
249 284
249 286
249 285
249 250
249 251
249 252
250 268
250 269
250 275
250 252
250 284
250 285
250 286
250 251
250 281
250 283
251 267
251 268
251 269
251 274
251 275
251 281
251 284
251 285
251 290
251 252
252 267
252 268
252 275
252 290
252 284
253 256
253 257
253 258
253 259
253 260
253 261
253 262
253 263
253 264
253 265
253 266
253 267
253 268
253 269
253 270
253 271
253 272
253 273
253 274
253 276
253 277
253 278
253 279
253 280
253 291
253 295
253 296
253 298
253 299
253 300
253 301
253 302
253 303
253 304
253 307
253 308
253 310
253 311
253 312
253 315
253 254
253 255
254 256
254 257
254 258
254 259
254 260
254 261
254 262
254 263
254 264
254 265
254 266
254 267
254 268
254 269
254 270
254 271
254 272
254 273
254 274
254 276
254 277
254 278
254 279
254 280
254 291
254 295
254 296
254 299
254 300
254 301
254 303
254 304
254 308
254 310
254 312
254 315
254 255
255 256
255 257
255 258
255 259
255 260
255 261
255 262
255 263
255 264
255 265
255 266
255 267
255 268
255 269
255 270
255 271
255 272
255 273
255 274
255 276
255 277
255 278
255 279
255 280
255 291
255 295
255 296
255 298
255 299
255 300
255 301
255 302
255 303
255 304
255 307
255 308
255 310
255 311
255 312
255 315
256 257
256 258
256 259
256 260
256 261
256 262
256 263
256 264
256 265
256 266
256 267
256 268
256 269
256 270
256 271
256 272
256 273
256 274
256 276
256 277
256 278
256 279
256 280
256 290
256 291
256 295
256 299
256 300
256 301
256 303
256 304
256 308
256 310
256 312
256 315
257 258
257 259
257 260
257 261
257 262
257 263
257 264
257 265
257 266
257 267
257 268
257 269
257 270
257 271
257 272
257 273
257 274
257 275
257 276
257 277
257 278
257 279
257 280
257 290
257 291
257 295
257 296
257 299
257 300
257 301
257 303
257 308
257 312
257 315
258 259
258 260
258 261
258 262
258 263
258 264
258 265
258 266
258 270
258 271
258 272
258 273
258 274
258 276
258 277
258 278
258 279
258 280
258 291
258 295
258 300
258 301
258 303
258 304
258 308
258 310
258 311
258 312
258 313
258 315
259 260
259 261
259 262
259 263
259 264
259 265
259 266
259 270
259 271
259 272
259 273
259 274
259 276
259 277
259 278
259 279
259 280
259 291
259 295
259 299
259 300
259 301
259 302
259 303
259 304
259 307
259 308
259 310
259 311
259 312
259 313
259 314
259 315
260 261
260 262
260 263
260 264
260 265
260 266
260 267
260 268
260 269
260 270
260 271
260 272
260 273
260 274
260 275
260 276
260 277
260 278
260 279
260 280
260 281
260 290
260 291
260 295
260 296
260 298
260 299
260 300
260 301
260 302
260 303
260 304
260 307
260 308
260 310
260 312
260 315
261 262
261 263
261 264
261 265
261 266
261 267
261 268
261 269
261 270
261 271
261 272
261 273
261 274
261 275
261 276
261 277
261 278
261 279
261 280
261 281
261 290
261 291
261 295
261 296
261 298
261 299
261 300
261 301
261 303
261 315
262 263
262 264
262 265
262 266
262 270
262 271
262 272
262 273
262 276
262 277
262 278
262 279
262 280
262 291
262 295
262 299
262 300
262 301
262 302
262 303
262 304
262 307
262 308
262 309
262 310
262 311
262 312
262 313
262 314
262 315
262 316
263 264
263 265
263 266
263 267
263 268
263 269
263 270
263 271
263 272
263 273
263 274
263 275
263 276
263 277
263 278
263 279
263 280
263 281
263 290
263 291
263 295
263 296
263 298
263 299
263 300
263 301
263 303
263 308
263 315
264 265
264 266
264 267
264 268
264 269
264 270
264 271
264 272
264 273
264 274
264 275
264 276
264 277
264 278
264 279
264 280
264 281
264 290
264 291
264 295
264 296
264 297
264 298
264 299
264 300
264 301
264 302
264 303
264 304
264 307
264 308
264 310
264 312
264 315
265 266
265 267
265 268
265 269
265 270
265 271
265 272
265 273
265 274
265 275
265 276
265 277
265 278
265 279
265 280
265 281
265 282
265 284
265 290
265 291
265 295
265 296
265 297
265 298
265 299
265 300
265 301
265 302
265 303
265 304
265 307
265 308
265 315
266 267
266 268
266 269
266 270
266 271
266 272
266 273
266 274
266 275
266 276
266 277
266 279
266 280
266 281
266 282
266 284
266 290
266 291
266 295
266 296
266 298
266 299
266 300
267 268
267 269
267 270
267 271
267 272
267 273
267 274
267 275
267 276
267 279
267 280
267 281
267 284
267 290
267 295
267 296
268 269
268 270
268 271
268 272
268 273
268 274
268 275
268 276
268 279
268 280
268 281
268 282
268 284
268 285
268 290
268 291
268 295
268 296
268 297
268 298
269 270
269 271
269 272
269 273
269 274
269 275
269 276
269 279
269 280
269 281
269 282
269 284
269 285
269 290
269 291
269 295
269 296
269 297
269 298
269 299
270 271
270 272
270 273
270 274
270 275
270 276
270 277
270 279
270 280
270 281
270 282
270 284
270 285
270 290
270 291
270 295
270 296
270 297
270 298
270 299
270 300
270 301
270 302
270 303
271 272
271 273
271 274
271 275
271 276
271 277
271 278
271 279
271 280
271 281
271 284
271 290
271 291
271 295
271 296
271 298
271 299
271 300
271 301
271 303
272 273
272 274
272 275
272 276
272 277
272 278
272 280
272 290
272 291
272 295
272 296
272 303
272 279
272 281
273 274
273 275
273 276
273 277
273 280
273 290
273 291
273 295
273 296
273 279
273 281
274 275
274 276
274 279
274 290
274 295
274 284
274 280
274 281
275 279
275 290
275 284
275 280
275 281
276 277
276 278
276 279
276 280
276 291
276 295
276 296
276 298
276 299
276 300
276 301
276 302
276 303
276 304
276 307
276 308
276 309
276 310
276 311
276 312
276 314
276 315
277 278
277 279
277 280
277 291
277 294
277 295
277 296
277 298
277 299
277 300
277 301
277 302
277 303
277 304
277 305
277 307
277 308
277 309
277 310
277 311
277 312
277 313
277 314
277 315
277 316
278 279
278 280
278 291
278 295
278 299
278 300
278 301
278 302
278 303
278 304
278 307
278 308
278 309
278 310
278 311
278 312
278 313
278 314
278 315
278 316
279 280
279 281
279 290
279 291
279 295
279 296
279 297
279 298
279 299
279 300
279 301
279 302
279 303
279 304
279 307
279 308
279 309
279 310
279 311
279 312
279 315
280 281
280 282
280 284
280 291
280 292
280 294
280 295
280 296
280 297
280 298
280 299
280 300
280 301
280 302
280 303
280 304
280 307
280 308
280 309
280 310
280 312
280 315
281 282
281 283
281 284
281 285
281 289
281 290
281 291
281 292
281 295
281 296
281 297
281 298
281 299
281 300
281 302
282 283
282 284
282 285
282 286
282 289
282 291
282 292
282 294
282 296
282 297
282 298
282 299
282 300
282 302
282 295
283 296
283 297
283 289
283 292
283 284
283 285
283 286
284 289
284 297
284 298
284 295
284 285
284 296
284 286
284 290
285 286
285 296
285 297
285 298
285 295
286 288
286 289
286 287
287 288
287 331
289 292
289 293
289 294
289 296
289 297
289 298
291 292
291 294
291 295
291 296
291 297
291 298
291 299
291 300
291 301
291 302
291 303
291 304
291 305
291 307
291 308
291 309
291 310
291 311
291 312
291 314
291 315
292 305
292 293
292 294
292 295
292 296
292 297
292 298
292 299
292 300
292 301
292 302
292 337
292 307
293 294
293 305
293 328
293 297
293 298
293 299
293 302
293 336
293 337
293 307
294 337
294 295
294 296
294 297
294 298
294 299
294 300
294 301
294 302
294 303
294 304
294 305
294 306
294 307
294 308
294 309
294 315
295 296
295 297
295 298
295 299
295 300
295 301
295 302
295 303
295 304
295 305
295 307
295 308
295 309
295 310
295 312
295 315
296 297
296 298
296 299
296 300
296 301
296 302
296 303
296 304
296 305
296 307
297 298
297 299
297 300
297 301
297 302
297 303
297 304
297 307
298 299
298 300
298 301
298 302
298 303
298 304
298 305
298 307
298 308
298 309
298 310
298 315
299 300
299 301
299 302
299 303
299 304
299 305
299 306
299 307
299 308
299 309
299 310
299 311
299 312
299 314
299 315
300 301
300 302
300 303
300 304
300 305
300 306
300 307
300 308
300 309
300 310
300 311
300 312
300 314
300 315
300 316
301 302
301 303
301 304
301 305
301 306
301 307
301 308
301 309
301 310
301 311
301 312
301 314
301 315
301 316
301 318
302 337
302 303
302 304
302 305
302 306
302 307
302 308
302 309
302 310
302 311
302 312
302 314
302 315
302 316
302 318
303 304
303 305
303 306
303 307
303 308
303 309
303 310
303 311
303 312
303 313
303 314
303 315
303 316
303 318
304 305
304 306
304 307
304 308
304 309
304 310
304 311
304 312
304 313
304 314
304 315
304 316
304 318
305 306
305 307
305 308
305 309
305 310
305 311
305 312
305 314
305 315
305 316
305 318
306 307
306 308
306 309
306 310
306 311
306 312
306 314
306 315
306 316
306 317
306 318
306 319
307 337
307 308
307 309
307 310
307 311
307 312
307 314
307 315
307 316
307 318
308 309
308 310
308 311
308 312
308 313
308 314
308 315
308 316
308 318
309 310
309 311
309 312
309 313
309 314
309 315
309 316
309 317
309 318
310 311
310 312
310 313
310 314
310 315
310 316
310 317
310 318
311 312
311 313
311 314
311 315
311 316
311 317
311 318
312 313
312 314
312 315
312 316
312 318
313 314
313 315
313 316
314 315
314 316
314 317
314 318
314 319
315 316
315 318
316 317
316 318
316 319
317 320
317 321
317 323
317 318
317 319
318 338
318 339
318 319
319 320
319 321
319 339
319 322
319 338
320 321
320 322
320 323
321 322
321 323
322 323
324 328
324 329
324 333
324 336
324 327
327 328
327 329
327 330
327 331
328 336
328 337
328 329
329 330
329 331
329 332
329 333
329 334
330 352
330 331
330 332
330 333
330 334
331 352
331 332
331 333
332 352
332 333
332 334
333 352
333 334
334 352
334 335
335 347
335 348
335 350
336 337
336 338
336 339
337 338
337 339
338 339
340 344
340 341
340 342
340 343
341 344
341 342
341 343
342 344
342 343
343 344
343 345
344 345
344 346
344 347
344 349
345 346
345 347
345 348
345 349
346 347
346 348
346 349
347 348
347 349
347 350
348 349
348 350
348 351
350 352
350 351
351 352
