0 0.003092681499935071
1 0.0029429125651706236
2 0.0014309186119060302
3 0.0014309186119060302
4 0.00648945958611076
5 0.002562951766927571
6 0.0015754215071405436
7 0.0012792233321701919
8 0.0008068638866070078
9 0.0007043818377609501
10 0.004247122421080192
11 0.009496193577418603
12 0.00017120692377911267
13 0.00010342168523195437
14 5.244422878971778e-05
15 0.00010382626250472941
16 0.00018598530303042682
17 0.00015518250247003947
18 0.00038435894493305244
19 8.228095069611073e-05
20 6.461680286331879e-05
21 0.003943927873315482
22 0.0005561741346016009
23 0.002559153311116515
24 0.0015381678625264992
25 3.885061023125617e-05
26 0.0003944399555398939
27 0.00028951938776665203
28 3.508566750482428e-06
29 0.011195183693964769
30 0.0035863696535335427
31 0.008704422036827
32 0.002183372401508674
33 0.011230186500270488
34 0.00798197714003399
35 0.00416956042372933
36 0.007462951538155889
37 0.014061634908966482
38 0.0024832607101535173
39 0.0026266694224899387
40 0.0026266694224899387
41 0.0018375765910033843
42 0.0016178582518015002
43 0.003328408403905536
44 0.0028600870437957182
45 0.00018806310504647437
46 0.00012696507677604425
47 3.4512730368808805e-05
48 0.0002727578744191555
49 0.0006358253759086092
50 0.0008715207889735713
51 0.00027937568206751954
52 0.0030994350940253793
53 0.0025763646739052556
54 0.001888248104102453
55 0.038006590682891146
56 0.0024141650362060714
57 0.0025763646739052556
58 2.0173246957012123e-05
59 0.0007217828022978698
60 0.008282703728484721
61 0.008238883090128553
62 0.0060141390028723265
63 0.005218556459091553
64 0.019342232811283944
65 0.0026752994995234247
66 0.03425854519025933
67 0.00868932557099568
68 0.033682840132245685
69 0.04544660097681672
70 0.05169457094765516
71 0.03254648081429437
72 0.008147709989758636
73 0.04343760629940372
74 0.015065163865880344
75 0.014870624825573515
76 0.005892177711090738
77 0.05171716757737756
78 0.019494882398308013
79 0.0098239784514
80 0.001973113036198714
81 0.0013126083725460015
82 0.013005206782642208
83 0.0024304624936363328
84 0.025307765604669873
85 0.05562780931147383
86 0.027178635765205995
87 0.004978426408100627
88 0.008016501750152718
89 0.02521198834122973
90 0.02521198834122973
91 0.025578008292179714
92 0.009651192781560557
93 0.0428424688376457
94 0.02070360637064387
95 0.03400370023044239
96 0.01948235641307049
97 0.05796658494597605
98 0.049179467707078324
99 0.016955897339950756
100 0.058033088317440557
101 0.02998503719156188
102 0.04501539305958922
103 0.03876520799030959
104 0.06630947690629248
105 0.0022861818180173526
106 0.07985372273148365
107 0.02686099798663746
108 0.019858489589168395
109 0.01846889589378756
110 0.02686099798663746
111 0.015916033160888705
112 0.015583982287317479
113 0.010458398509189613
114 0.006646305648705041
115 0.01368249001733438
116 0.04342996741136605
117 0.0157534115152581
118 0.0681057840490798
119 0.014652002592998304
120 0.03895858795400912
121 0.015884097850110673
122 0.0179915906108793
123 0.0022965977569886424
124 0.003621926188157284
125 0.02231669141275829
126 0.021511237190984963
127 0.014333373754469464
128 0.00979236332133357
129 0.0034810155872753096
130 0.0010477881972587833
131 0.0026844329181897747
132 0.014512130228247083
133 0.02263338808677972
134 0.03864871890731913
135 0.0013314981986796682
136 0.0068578957027607
137 0.02662899369277981
138 0.018844804165688504
139 0.023210309955352317
140 0.0030718545474621812
141 0.00567547336291752
142 0.0008078337004569392
143 0.011840896773151116
144 0.00817227546200663
145 0.010784249546206064
146 0.04006349783802266
147 0.034725186480125826
148 0.015792426490532415
149 0.010417501817436734
150 0.01962762556117916
151 0.007133115838862301
152 0.02563343122343735
153 0.013011991217914574
154 0.03835599197457527
155 0.012184906982383004
156 0.02599539033227122
157 0.005972007416652845
158 0.00866503476387585
159 0.005259068717303798
160 0.0016118878229119337
161 0.05100451793312287
162 0.011084188664041476
163 0.0021331518589659004
164 0.01678270637045327
165 0.00533479348003952
166 0.0004533599759209717
167 0.004290039577895521
168 0.01758000505790303
169 0.014516475992768106
170 0.001041459833933772
171 0.006787284877648616
172 0.0
173 0.013152286050283127
174 0.0057658150048622465
175 0.015356929787992914
176 0.0197564111874681
177 0.00039859387352291235
178 0.03999887612838451
179 0.037934538790500974
180 0.06050969278037073
181 0.016183349948600653
182 0.03256992742810032
183 0.053051615845907826
184 0.040448460570763775
185 0.030503838599607026
186 0.012821756349918932
187 0.0037311204631172335
188 0.004921864370640361
189 0.026876866979977328
190 0.03606087463839574
191 0.052305460610348256
192 0.006800132680583774
193 0.008218843053910891
194 0.0044748613940686814
195 0.06024549296823886
196 0.05385882390007987
197 0.032513110465175084
198 0.008963811275820287
199 0.0010355330409221567
200 0.005475827278371136
201 0.0003837905288744001
202 0.009441049442381631
203 0.00044491833488742816
204 0.02393981353698085
205 0.022469320145450992
206 0.0640373342934252
207 0.03392032612163252
208 0.03373032210310326
209 0.022686435474706376
210 0.008795650778004833
211 0.006340806268168622
212 0.001058387133143635
213 0.001838742614317889
214 0.008514365085931907
215 0.004462915925847993
216 0.005766911339740526
217 0.0015542250558922466
218 0.004462915925847993
219 0.0032653795302133226
220 0.00326797184030153
221 0.00228357276681493
222 0.007320020759455901
223 0.007535424877663035
224 0.02329285592912949
225 0.031182869462575206
226 0.024470780502263808
227 0.025072778418154973
228 0.015028831180230505
229 0.009801422895063448
230 0.01546311413733824
231 0.00793077202023038
232 0.04125806822085844
233 0.011355438853852628
234 0.0047019801169687105
235 0.00632040353361796
236 0.0012693579149869664
237 0.004350627538664892
238 0.009907333110221038
239 0.0002555339985390284
240 0.014514001165140665
241 0.028735946158921846
242 0.06057837193867301
243 0.05649971970220423
244 0.01190641118290878
245 0.01822973555607249
246 0.013785059666677115
247 0.0132025968314384
248 0.017325291164877517
249 0.01195685617689713
250 0.03406605234119176
251 0.01153092435180386
252 0.006465942041735649
253 0.0009344563518784846
254 0.00042600559880516916
255 0.0009344563518784846
256 0.0005636452778058224
257 0.0004903527730473993
258 0.001358173086891813
259 0.0018842597214649291
260 0.0012648293619526214
261 0.003405305022618702
262 0.0017023755155568716
263 0.0010064617988283589
264 0.007257879133348216
265 0.003937501022183185
266 0.009927446926541047
267 0.0066903742025965305
268 0.012392362370660074
269 0.01169709422873684
270 0.017475659119311048
271 0.004544648652921023
272 0.003571102346500436
273 0.0023880143919663773
274 0.007330394268280054
275 0.010522206049263417
276 0.002807789845723714
277 0.00205260710010923
278 0.0005365908731158227
279 0.0037838769291213157
280 0.013093933416669094
281 0.026668535559249258
282 0.023368026975364466
283 0.011032289131015895
284 0.02566005993008524
285 0.0030622046363488094
286 0.03370365578967187
287 0.09895703696969213
288 0.005436790611096616
289 0.010068273539803973
290 0.0025474539169999142
291 0.004225489259324445
292 0.009364460162968994
293 0.020496180126545544
294 0.003323172946350079
295 0.009395767821558628
296 0.01539630920864593
297 0.0025191163979357044
298 0.008034892841054781
299 0.009489680607145596
300 0.007163001466276753
301 0.0019465077124238138
302 0.017452577918922085
303 0.0027547385914985477
304 0.0009340967860858715
305 0.001308190529851166
306 0.0035128363208352413
307 0.004541288249251159
308 0.0006359115044799967
309 0.006739338725969156
310 0.010119754413072375
311 0.0017031071328183572
312 0.00042375513843047384
313 6.420219819314232e-06
314 0.006094047746040569
315 0.0007751515641736486
316 0.0025928938932658187
317 0.015025254290175528
318 0.004620500589593912
319 0.007884298705663928
320 7.863048585418086e-05
321 7.863048585418086e-05
322 5.971396912082047e-05
323 1.8916516733360473e-05
324 0.002884984977283881
327 0.0034991115441779888
328 0.01810639417085935
329 0.018241870643290553
330 0.00196354852326047
331 0.09468526178514848
332 0.0016843179546649778
333 0.004671993643974751
334 0.014824144144306267
335 0.010026062563843812
336 0.00375525304401239
337 0.012728626110186407
338 0.0012467640874647447
339 0.0012467640874647447
340 0.0
341 0.0
342 0.0
343 4.2570609905853456e-05
344 0.018454505461607235
345 0.004190603011581469
346 2.5378632828489562e-05
347 0.03133133740338808
348 0.013376808319084322
349 2.5378632828489562e-05
350 0.03812116113393015
351 0.007983524516303346
352 0.058411545075196976
