0 0.410485080828 0.0993793252234
1 0.416654183117 0.124357986003
2 0.434121950597 0.122385314184
3 0.429977521837 0.112654047904
4 0.42105311302 0.105920917181
5 0.402110759138 0.11864758392
6 0.436345709741 0.121938958667
7 0.432041263984 0.136219426415
8 0.40876110378 0.109973428228
9 0.446113508584 0.129975146774
10 0.442383863919 0.102801326284
11 0.42594380543 0.100137122177
12 0.474646663682 0.0903859278559
13 0.489238022834 0.0825748100768
14 0.506004041342 0.0963787268567
15 0.489840328021 0.109805480994
16 0.470361394442 0.106325952176
17 0.484864005966 0.0999631995622
18 0.455468508424 0.0806158983777
19 0.42960711318 0.0749314018155
20 0.465328235354 0.117702840437
21 0.378955924724 0.105034694626
22 0.445227175465 0.0782065710137
23 0.437826657628 0.089562461255
24 0.438449423929 0.0671029323359
25 0.512228973441 0.075317555977
26 0.47392705184 0.0717476565653
27 0.503617557644 0.0623439317325
28 0.546359422291 0.0642284170616
29 0.387682927886 0.0877960385074
30 0.462045658606 0.0565936293553
31 0.393865054091 0.0566155713752
32 0.404728700976 0.0929209445266
33 0.388253546172 0.0956264324733
34 0.365936863938 0.126428087884
35 0.349872729715 0.134536000152
36 0.364558842492 0.142806244333
37 0.35040429202 0.154207388459
38 0.412336174756 0.138267125516
39 0.375656378591 0.118979330926
40 0.38646106759 0.133244583747
41 0.3842489244 0.14876212426
42 0.402717404669 0.130681081836
43 0.385822135362 0.122466264093
44 0.371566903709 0.110032247617
45 0.419613533395 0.140045103941
46 0.450036772588 0.114735975216
47 0.468132290009 0.128836049526
48 0.524976818006 0.0146889635814
49 0.514530781247 0.0404139644944
50 0.454153036953 0.0319798840194
51 0.544454807708 0.0222688540222
52 0.460444977301 0.0148285132436
53 0.498679391822 0.00495068272647
54 0.477684608815 0.0
55 0.371771099706 0.0232862318093
56 0.491723191831 0.00411838124529
57 0.510874577019 0.00612729302925
58 0.559102923013 0.00937665919745
59 0.568340248986 0.0114680389651
60 0.228278963331 0.316719066165
61 0.221405334836 0.318099913902
62 0.226027791965 0.357128896431
63 0.209692683586 0.290139624118
64 0.250831041277 0.2483188605
65 0.214582589652 0.253449774086
66 0.261658901743 0.263689817729
67 0.246841426889 0.229523010126
68 0.243253230192 0.279126044048
69 0.249824088908 0.340942533649
70 0.245737513878 0.308592233636
71 0.206643013376 0.354320808947
72 0.222184239316 0.287286763135
73 0.197536677029 0.263380331716
74 0.236024033549 0.348790417887
75 0.251113325346 0.358419702752
76 0.306864676158 0.175647502572
77 0.298966476058 0.201500778849
78 0.27228431404 0.222959540813
79 0.272830641436 0.228913691526
80 0.248443294515 0.209288189407
81 0.257248754901 0.188504533505
82 0.352577018582 0.168088371952
83 0.36472806268 0.15276674643
84 0.335869072544 0.159994235897
85 0.319567779679 0.163493984916
86 0.268389013557 0.163561973213
87 0.313780080481 0.143402198033
88 0.365855703879 0.16472691985
89 0.251775774507 0.404372864672
90 0.264006231801 0.403603860916
91 0.258119045018 0.431603934434
92 0.239713438877 0.422480960205
93 0.285613424575 0.524328418059
94 0.297931516152 0.494548670632
95 0.36375841404 0.613438781719
96 0.399565168397 0.680522449366
97 0.319614550397 0.540380042345
98 0.275445694959 0.439674266395
99 0.275250798647 0.479561655725
100 0.326264609941 0.561728283593
101 0.357182460045 0.635789750997
102 0.243873916602 0.575073455717
103 0.352960449718 0.610386168596
104 0.401841272251 0.66196737088
105 0.325900510167 0.59586654286
106 0.407022609332 0.701196719095
107 0.51835109422 0.744615025159
108 0.517128513551 0.763868535052
109 0.530204347656 0.747041026402
110 0.522685029456 0.733817883372
111 0.51018927734 0.75416818991
112 0.491133434245 0.760997170969
113 0.509621723171 0.733913957593
114 0.527403853483 0.773659179433
115 0.525324792764 0.791708626773
116 0.539953336676 0.772109436138
117 0.56660198956 0.788102238103
118 0.559818950324 0.759764915313
119 0.460012286163 0.755329038215
120 0.447918404374 0.702192566566
121 0.443671779823 0.72863355298
122 0.439482010404 0.740187211462
123 0.295943170275 0.870186075761
124 0.466936966871 0.782031355216
125 0.481444742983 0.747120411535
126 0.487842924881 0.736871403101
127 0.467022905388 0.733480121897
128 0.540920257529 0.75237932124
129 0.490163659399 0.770894845331
130 0.502476867602 0.791284564907
131 0.497025250121 0.778549677858
132 0.468224034519 0.749747420948
133 0.424273929164 0.696221355911
134 0.442669903016 0.709718559997
135 0.429734850865 0.746745268572
136 0.572516101646 0.760730338861
137 0.584585322336 0.753098094597
138 0.576481244639 0.741960408263
139 0.582226198302 0.730610407527
140 0.587798803961 0.768698944807
141 0.5921611023 0.721623309238
142 0.562483122112 0.785935466969
143 0.553537528017 0.764269282239
144 0.539276737014 0.756558652785
145 0.608654954226 0.754513483394
146 0.628080988353 0.750050360154
147 0.629666948152 0.730262508258
148 0.615175133756 0.735102530355
149 0.61852575765 0.72061335421
150 0.594593544739 0.744517880614
151 0.599982985122 0.731548436151
152 0.667481792574 0.745710643433
153 0.669160750773 0.733433077741
154 0.642005008275 0.729315773842
155 0.657409498501 0.701047830621
156 0.672494047467 0.71573257366
157 0.673884242595 0.698785213791
158 0.653090845495 0.717174825751
159 0.701960208784 0.687941242413
160 0.652340416749 0.747746299074
161 0.682114218212 0.732703185505
162 0.617940423313 0.769814703507
163 0.620426386434 0.801046544671
164 0.596815271705 0.786962687784
165 0.557318088234 0.826735285708
166 0.592160315373 0.892739758098
167 0.510969515533 0.963434773622
168 0.662936616694 0.765136904767
169 0.666528641664 0.797810758034
170 0.686395526193 0.836098354668
171 0.659595807814 0.878508828529
172 0.767376155318 0.891510205184
173 0.723331848816 0.743692988321
174 0.72490433071 0.787726140894
175 0.733847809095 0.551944199575
176 0.744701798896 0.544500302727
177 0.807109079968 0.533361417987
178 0.776371050377 0.628912960985
179 0.780777098406 0.602956244407
180 0.847198455874 0.615089494712
181 0.75548612943 0.517603849955
182 0.705157344531 0.54206122602
183 0.732640928308 0.513120815921
184 0.708480030705 0.493092349185
185 0.735800859122 0.529688750392
186 0.724850846856 0.492070299661
187 0.750673002061 0.486035948167
188 0.76610667126 0.532056198142
189 0.74433018981 0.567121219374
190 0.742415822724 0.584818959141
191 0.730387051675 0.605035663174
192 0.761916456723 0.586418522864
193 0.691072102311 0.459351020668
194 0.700841659231 0.460685933831
195 0.730535305583 0.652621824835
196 0.729596774497 0.622258040266
197 0.717609557987 0.65434834973
198 0.739817922106 0.647082115781
199 0.760195768645 0.638575642507
200 0.760822046196 0.613589467494
201 0.797595261652 0.624427363765
202 0.710316771088 0.664064960274
203 0.777303390737 0.662400296469
204 0.716420448555 0.685261578771
205 0.704602533627 0.717421250234
206 0.759520059255 0.671973145928
207 0.689889591496 0.696540369535
208 0.68198040587 0.676736454018
209 0.693354849736 0.666134135816
210 0.762152157196 0.572170928569
211 0.773315038322 0.55438419563
212 0.791113893465 0.543644499049
213 0.791441122932 0.581161533944
214 0.744350893398 0.606827361407
215 0.480589350648 0.430455809394
216 0.476505679245 0.447037941765
217 0.463839395533 0.425099570547
218 0.489010911013 0.445915886608
219 0.494092801884 0.431094475669
220 0.48450607189 0.415046033228
221 0.525368160731 0.414616626355
222 0.505416504362 0.44349478964
223 0.458707824478 0.458696709441
224 0.516380451729 0.459503936568
225 0.512886159858 0.475986732997
226 0.556371449077 0.487747417128
227 0.61900083865 0.499578705091
228 0.571351201005 0.515179175937
229 0.454080261129 0.443403146082
230 0.452385109095 0.469076511318
231 0.476878304703 0.474252567381
232 0.590258975218 0.460807169272
233 0.586240312247 0.441707892206
234 0.580340220223 0.426677239677
235 0.557989881275 0.428412488493
236 0.56163248986 0.400610972678
237 0.60417449405 0.416733285542
238 0.623879427621 0.429502620974
239 0.660271463668 0.408750874581
240 0.660318263293 0.463784966868
241 0.691415275953 0.48726187113
242 0.688518035241 0.511634679938
243 0.657760835226 0.490978744721
244 0.636382555868 0.470342609413
245 0.613202020231 0.445642754089
246 0.650282534904 0.466347669796
247 0.668444845725 0.450007096772
248 0.57270448079 0.446208839139
249 0.576054964822 0.467220443589
250 0.540513011723 0.470556495751
251 0.531737051428 0.4524302202
252 0.546039248213 0.434750242899
253 0.273300243651 0.49837721893
254 0.272519660233 0.467872298972
255 0.27344643541 0.486154224697
256 0.282248863942 0.462142013696
257 0.301592057555 0.460885716453
258 0.246728392881 0.467426020186
259 0.246740460439 0.483345926032
260 0.292713265434 0.481736697226
261 0.337758882929 0.47447986441
262 0.234891169964 0.486607854106
263 0.309584575129 0.469819302981
264 0.312305271066 0.489760618613
265 0.320638286036 0.494740564749
266 0.371730575573 0.471517801908
267 0.403606821284 0.456040941767
268 0.39927704021 0.472660733452
269 0.385084302599 0.481134235359
270 0.364123330359 0.487925493993
271 0.348720283084 0.478203425656
272 0.349854306573 0.456055367556
273 0.363653340959 0.451255921291
274 0.387030812361 0.451142873883
275 0.428094344476 0.452107723109
276 0.264289569157 0.500268047498
277 0.240186554241 0.50511956167
278 0.216161538421 0.484705229589
279 0.287120767842 0.500725165829
280 0.307149731351 0.511705889553
281 0.395919401094 0.506496450823
282 0.38394568171 0.537758086959
283 0.454226205515 0.551817629451
284 0.448503981969 0.496317570517
285 0.448969425198 0.518360637292
286 0.571399789784 0.556669360358
287 0.719393147491 0.757166217083
288 0.77438633387 0.568981697933
289 0.340696694653 0.613865107683
290 0.417447894197 0.435756771078
291 0.268125882254 0.521857185604
292 0.258698471693 0.604885722985
293 0.183880790809 0.665518449807
294 0.21696851599 0.591611110714
295 0.29616756197 0.518899501728
296 0.33149682211 0.524174615636
297 0.302583306915 0.564215101972
298 0.28952730955 0.545121546963
299 0.256428597977 0.538047348764
300 0.247318220636 0.526710837341
301 0.22974329665 0.529216303079
302 0.227701817691 0.553593312344
303 0.226864963564 0.514691155641
304 0.207126424515 0.532735719229
305 0.176620903564 0.571149770804
306 0.124083639787 0.552857507625
307 0.206085230652 0.556687812062
308 0.20332235349 0.517524718229
309 0.174724136179 0.540166852257
310 0.185023257008 0.507273772223
311 0.16118412809 0.513570708317
312 0.199504300135 0.501695775983
313 0.132524972707 0.495109572458
314 0.143680275789 0.528754922044
315 0.208857506782 0.51145360695
316 0.123623859225 0.52695512972
317 0.0420912987177 0.495157142785
318 0.0992464223128 0.560729624817
319 0.00922335289648 0.527020134346
320 0.00474920796778 0.433354804023
321 0.00931539347292 0.414436437146
322 0.0163713647095 0.387601712681
323 0.0289386346997 0.366027154579
324 0.198720616946 0.914659098488
327 0.28266345604 0.961503514837
328 0.149742238136 0.857319584704
329 0.300379730931 0.96782753467
330 0.371010482206 0.992692659516
331 0.45158880999 0.973618462894
332 0.391708777227 1.0
333 0.336301066427 0.983757104758
334 0.350461347461 0.992563656458
335 0.261346005011 0.966308823203
336 0.0582896494905 0.771089104884
337 0.101633703186 0.685665831366
338 0.00475780255528 0.660735901922
339 0.0 0.642297942796
340 0.0926628953231 0.85005388488
341 0.0663841975944 0.821916379649
342 0.0598271519394 0.803564034322
343 0.0821114428302 0.837964402418
344 0.11514892007 0.871862382831
345 0.139473404641 0.89335933992
346 0.184765081572 0.923056403672
347 0.163827354378 0.912326990508
348 0.207665123859 0.939015073508
349 0.170097701819 0.919478110891
350 0.246025169004 0.95772847697
351 0.235285370428 0.94945704609
352 0.324038493312 0.983118337418
