0 0.14314928425357873
1 0.14309076042518398
2 0.13983220135836996
3 0.13983220135836996
4 0.14326647564469913
5 0.14326647564469913
6 0.1398880895283773
7 0.13977635782747605
8 0.13938669852648347
9 0.13613380007779075
10 0.1363990646921278
11 0.14344262295081966
12 0.13108614232209737
13 0.12750455373406194
14 0.1272264631043257
15 0.1303052866716307
16 0.13118440779610194
17 0.13103706476974916
18 0.13152950018789927
19 0.13089005235602094
20 0.13015991074748978
21 0.1463822668339607
22 0.13172751223184043
23 0.13634592910011686
24 0.13177710843373494
25 0.12704174228675136
26 0.1309880239520958
27 0.12704174228675136
28 0.12102351313969571
29 0.14681208053691275
30 0.13157894736842105
31 0.14571190674437967
32 0.14309076042518398
33 0.1466275659824047
34 0.1471825063078217
35 0.14693534844668346
36 0.1471206389239176
37 0.1520417028670721
38 0.14314928425357873
39 0.14583333333333334
40 0.14583333333333334
41 0.14553014553014554
42 0.14274061990212072
43 0.14589412255106293
44 0.14565126924677488
45 0.13539651837524178
46 0.1345119139123751
47 0.12996658002227998
48 0.12910365178900773
49 0.12718023255813954
50 0.13045098770033545
51 0.12544802867383512
52 0.13977635782747605
53 0.1387787470261697
54 0.1381760757994473
55 0.15459363957597172
56 0.1382306477093207
57 0.1387787470261697
58 0.12315270935960591
59 0.13534416086620263
60 0.17249876786594381
61 0.1724137931034483
62 0.17721518987341772
63 0.1701507049100632
64 0.16611295681063123
65 0.1642421398404505
66 0.1675442795595979
67 0.16233766233766234
68 0.1726689689195856
69 0.17921146953405018
70 0.17685699848408287
71 0.17921146953405018
72 0.1719056974459725
73 0.17395626242544732
74 0.17884517118037813
75 0.178117048346056
76 0.15466195315952275
77 0.16279069767441862
78 0.16271501627150162
79 0.16181229773462782
80 0.16062413951353832
81 0.1551418439716312
82 0.151580770896492
83 0.14656616415410384
84 0.155902004454343
85 0.15989036089538602
86 0.1625638643752903
87 0.15060240963855423
88 0.15060240963855423
89 0.18295870360690017
90 0.18295870360690017
91 0.18401682439537329
92 0.18401682439537329
93 0.19347705914870095
94 0.18908698001080498
95 0.199203187250996
96 0.2046783625730994
97 0.1967397414277684
98 0.18888289260658392
99 0.1883745963401507
100 0.1968503937007874
101 0.20114942528735633
102 0.19052803483941208
103 0.2006880733944954
104 0.20600353148911124
105 0.19209659714599342
106 0.21173623714458562
107 0.2229299363057325
108 0.22264631043256997
109 0.22349936143039592
110 0.2229299363057325
111 0.22250476795931343
112 0.21698698078115314
113 0.21806853582554517
114 0.219435736677116
115 0.22307202039515614
116 0.22683084899546338
117 0.22551546391752578
118 0.2289077828646174
119 0.2157829839704069
120 0.2145922746781116
121 0.21250758955676988
122 0.21250758955676988
123 0.18210197710718
124 0.212636695018226
125 0.21671826625386997
126 0.21658415841584158
127 0.21525215252152521
128 0.21957340025094102
129 0.21406727828746178
130 0.20983213429256595
131 0.21212121212121213
132 0.21525215252152521
133 0.20600353148911124
134 0.21446078431372548
135 0.20420070011668612
136 0.22236340533672172
137 0.2280130293159609
138 0.22727272727272727
139 0.22756827048114434
140 0.2219403931515536
141 0.22307202039515614
142 0.212636695018226
143 0.2229299363057325
144 0.2184769038701623
145 0.22727272727272727
146 0.23255813953488372
147 0.23178807947019867
148 0.22756827048114434
149 0.22683084899546338
150 0.22786458333333334
151 0.2242152466367713
152 0.23442732752846618
153 0.2304147465437788
154 0.23148148148148148
155 0.22624434389140272
156 0.2348993288590604
157 0.22335673261008296
158 0.2249357326478149
159 0.22123893805309736
160 0.21861336664584635
161 0.23442732752846618
162 0.22697795071335927
163 0.22082018927444794
164 0.2256608639587363
165 0.21551724137931033
166 0.20648967551622419
167 0.19509476031215162
168 0.2316346790205162
169 0.2280130293159609
170 0.2084574151280524
171 0.2094554159186116
172 0.1865671641791045
173 0.2280130293159609
174 0.2219403931515536
175 0.22450288646568314
176 0.2256608639587363
177 0.2139364303178484
178 0.23087071240105542
179 0.22683084899546338
180 0.2097064110245656
181 0.22321428571428573
182 0.219435736677116
183 0.22697795071335927
184 0.2205419029615627
185 0.22123893805309736
186 0.21916092673763307
187 0.20983213429256595
188 0.21875
189 0.22450288646568314
190 0.22522522522522523
191 0.22996057818659657
192 0.22137887413029728
193 0.20759193357058126
194 0.20685579196217493
195 0.23380093520374082
196 0.23178807947019867
197 0.23011176857330704
198 0.22786458333333334
199 0.21861336664584635
200 0.22208121827411167
201 0.20710059171597633
202 0.22307202039515614
203 0.21173623714458562
204 0.22965879265091863
205 0.23026315789473684
206 0.23102310231023102
207 0.23148148148148148
208 0.23178807947019867
209 0.2311756935270806
210 0.22012578616352202
211 0.21998742928975487
212 0.2141982864137087
213 0.2157829839704069
214 0.2249357326478149
215 0.1898047722342733
216 0.19021739130434784
217 0.1856763925729443
218 0.1898047722342733
219 0.1898047722342733
220 0.1884760366182014
221 0.1925192519251925
222 0.19199122325836535
223 0.1906318082788671
224 0.19707207207207209
225 0.19908987485779295
226 0.20396270396270397
227 0.20983213429256595
228 0.20207852193995382
229 0.19011406844106463
230 0.19083969465648856
231 0.19032082653616095
232 0.21212121212121213
233 0.20491803278688525
234 0.20372526193247964
235 0.19401330376940132
236 0.19042437431991294
237 0.20114942528735633
238 0.20539906103286384
239 0.19852524106636416
240 0.2141982864137087
241 0.22123893805309736
242 0.22151898734177214
243 0.21631644004944375
244 0.21173623714458562
245 0.20697811945594322
246 0.21160822249093109
247 0.20983213429256595
248 0.20624631703005303
249 0.2082093991671624
250 0.20539906103286384
251 0.1965188096574958
252 0.19487750556792874
253 0.16378100140383717
254 0.16339869281045752
255 0.16378100140383717
256 0.163322445170322
257 0.16698473282442747
258 0.15652951699463327
259 0.1585144927536232
260 0.16826923076923078
261 0.1719056974459725
262 0.15822784810126583
263 0.17048222113979541
264 0.1715686274509804
265 0.1718213058419244
266 0.17820773930753564
267 0.17766497461928935
268 0.18401682439537329
269 0.1839201261166579
270 0.17893660531697342
271 0.1727541954590326
272 0.16998542982030113
273 0.17131669114047968
274 0.1769464105156724
275 0.18696581196581197
276 0.16408813877168307
277 0.1586582048957389
278 0.15344147303814118
279 0.16851227732306212
280 0.1724137931034483
281 0.18440463645943098
282 0.18450184501845018
283 0.18857758620689655
284 0.1932633903920486
285 0.18796992481203006
286 0.20348837209302326
287 0.1968503937007874
288 0.20796197266785502
289 0.18078512396694216
290 0.17658930373360243
291 0.16501650165016502
292 0.1694915254237288
293 0.16166281755196305
294 0.1637043966323667
295 0.17232890201870998
296 0.17766497461928935
297 0.17123287671232876
298 0.1726689689195856
299 0.16619183285849953
300 0.16462841015992474
301 0.1588021778584392
302 0.16587677725118483
303 0.15887426236949614
304 0.15751575157515751
305 0.157942238267148
306 0.14492753623188406
307 0.15916325602546613
308 0.15250544662309368
309 0.1519097222222222
310 0.15250544662309368
311 0.14919011082693948
312 0.15217391304347827
313 0.1386687797147385
314 0.14583333333333334
315 0.15350877192982457
316 0.14498757249378624
317 0.13363879343260787
318 0.14504765851636967
319 0.1295816364309515
320 0.11920980926430517
321 0.11920980926430517
322 0.1149047931713723
323 0.11808367071524967
324 0.13844936708860758
327 0.15237265999129299
328 0.1446280991735537
329 0.1533070521243977
330 0.14919011082693948
331 0.16924564796905223
332 0.14912654452492544
333 0.14982876712328766
334 0.13456362937331795
335 0.11957635804578066
336 0.1417004048582996
337 0.15092712376024148
338 0.13338414634146342
339 0.13338414634146342
340 0.09523809523809523
341 0.09523809523809523
342 0.09523809523809523
343 0.09531590413943355
344 0.10513667768098528
345 0.10510510510510511
346 0.10507355148604022
347 0.1170177198261451
348 0.11690046760187041
349 0.10507355148604022
350 0.1295816364309515
351 0.12929442186922793
352 0.14736842105263157
