0 0.618644 0.796084
1 0.591371 0.8253
2 0.597277 0.904275
3 0.64718 0.793473
4 0.734449 0.813284
5 0.601623 0.805554
6 0.734057 0.816493
7 0.629154 0.738169
8 0.70366 0.842904
9 0.615082 0.787617
10 0.654253 0.773806
11 0.713507 0.843273
12 0.741379 0.816246
13 0.601024 0.803071
14 0.601345 0.899452
15 0.70047 0.856513
16 0.633434 0.804711
17 0.629012 0.888289
18 0.685442 0.869036
19 0.648513 0.865517
20 0.597906 0.900457
21 0.625701 0.769665
22 0.643821 0.756134
23 0.657222 0.846488
24 0.583752 0.861
25 0.628423 0.787619
26 0.616759 0.789597
27 0.567186 0.831209
28 0.599467 0.898066
29 0.653624 0.787512
30 0.60829 0.810495
31 0.653134 0.775351
32 0.627438 0.891283
33 0.71638 0.84527
34 0.451659 0.582674
35 0.692541 0.859947
36 0.696337 0.793829
37 0.746834 0.808199
38 0.66942 0.781974
39 0.634826 0.800275
40 0.620429 0.793663
41 0.616053 0.889153
42 0.718738 0.842931
43 0.684179 0.871029
44 0.60061 0.905826
45 0.650055 0.802603
46 0.67841 0.861477
47 0.657984 0.872983
48 0.595677 0.827744
49 0.661583 0.885659
50 0.582599 0.815457
51 0.683228 0.800262
52 0.647153 0.890868
53 0.591659 0.827117
54 0.571593 0.833684
55 0.642339 0.791029
56 0.611303 0.776245
57 0.61408 0.837837
58 0.373755 0.42032
59 0.594339 0.814582
60 0.656007 0.784919
61 0.659819 0.867568
62 0.624146 0.807277
63 0.64464 0.804644
64 0.491023 0.696274
65 0.642188 0.798333
66 0.644911 0.785405
67 0.612016 0.774002
68 0.675882 0.859114
69 0.63348 0.81296
70 0.639255 0.892681
71 0.668698 0.866804
72 0.632274 0.803703
73 0.596546 0.842964
74 0.721652 0.836353
75 0.632529 0.804746
76 0.707473 0.796347
77 0.665745 0.814597
78 0.72851 0.825915
79 0.615742 0.817645
80 0.568645 0.807994
81 0.538128 0.819195
82 0.612971 0.804645
83 0.683717 0.798935
84 0.653879 0.782687
85 0.623485 0.810382
86 0.691625 0.84946
87 0.603787 0.734687
88 0.622636 0.822444
89 0.711625 0.828546
90 0.666396 0.882712
91 0.703665 0.842885
92 0.578324 0.855872
93 0.608478 0.896352
94 0.593316 0.844716
95 0.734172 0.81686
96 0.632063 0.799794
97 0.660518 0.880167
98 0.604254 0.786763
99 0.675824 0.859624
100 0.535525 0.751125
101 0.566741 0.846344
102 0.664534 0.866928
103 0.598413 0.74427
104 0.621051 0.797185
105 0.6174 0.806444
106 0.648269 0.796154
107 0.176163 0.469619
108 0.669489 0.798392
109 0.602515 0.791778
110 0.702843 0.853308
111 0.612385 0.896691
112 0.647221 0.883827
113 0.613375 0.792936
114 0.649532 0.892244
115 0.616664 0.893274
116 0.616128 0.887289
117 0.676817 0.77005
118 0.613333 0.801861
119 0.570009 0.758206
120 0.615339 0.71326
121 0.652162 0.797915
122 0.620273 0.766884
123 0.62743 0.806577
124 0.654974 0.815645
125 0.58274 0.724746
126 0.624267 0.839075
127 0.670302 0.803191
128 0.589289 0.78663
129 0.685296 0.76457
130 0.595273 0.821797
131 0.686153 0.86213
132 0.602237 0.814623
133 0.636961 0.80858
134 0.61477 0.806594
135 0.697111 0.799603
136 0.541833 0.593667
137 0.625062 0.889559
138 0.648863 0.882765
139 0.695394 0.805528
140 0.622451 0.894136
141 0.635198 0.790999
142 0.630407 0.782758
143 0.687328 0.851592
144 0.617251 0.886173
145 0.651375 0.891265
146 0.582004 0.760093
147 0.734158 0.81676
148 0.598139 0.807808
149 0.599822 0.903197
150 0.512095 0.701109
151 0.591169 0.902141
152 0.715112 0.789329
153 0.692018 0.821974
154 0.744613 0.802668
155 0.700444 0.840831
156 0.601726 0.74926
157 0.703263 0.829102
158 0.607967 0.77877
159 0.668807 0.798231
160 0.722096 0.799639
161 0.632024 0.785054
162 0.593105 0.905887
163 0.529175 0.748218
164 0.663696 0.822808
165 0.643035 0.804999
166 0.559663 0.667302
167 0.605033 0.893125
168 0.66562 0.767262
169 0.610996 0.762659
170 0.615335 0.792846
171 0.359893 0.487649
172 0.6149 0.791465
173 0.463253 0.605779
174 0.647353 0.883871
175 0.669763 0.844135
176 0.595532 0.813489
177 0.685822 0.852495
178 0.650943 0.802444
179 0.663004 0.885784
180 0.577615 0.852529
181 0.732127 0.811626
182 0.672974 0.877411
183 0.689394 0.827348
184 0.662118 0.807373
185 0.62593 0.785879
186 0.620447 0.795387
187 0.576162 0.8592
188 0.610003 0.781059
189 0.488111 0.690176
190 0.639233 0.856778
191 0.623924 0.85011
192 0.639109 0.895182
193 0.689553 0.856841
194 0.573877 0.857428
195 0.72869 0.826057
196 0.58789 0.842256
197 0.675424 0.790904
198 0.527656 0.469773
199 0.607165 0.797605
200 0.61947 0.780743
201 0.702936 0.854528
202 0.544567 0.731666
203 0.615518 0.788714
204 0.588034 0.839533
205 0.638114 0.896991
206 0.698044 0.816066
207 0.664023 0.817384
208 0.654872 0.782621
209 0.70258 0.853748
210 0.702149 0.857903
211 0.593787 0.792332
212 0.628684 0.805266
213 0.599179 0.767017
214 0.6229 0.888643
215 0.745958 0.811103
216 0.652315 0.884428
217 0.497684 0.693707
218 0.728513 0.825917
219 0.73528 0.816188
220 0.612955 0.902107
221 0.662027 0.776956
222 0.58462 0.823906
223 0.597557 0.797413
224 0.627201 0.781982
225 0.686422 0.852057
226 0.601728 0.902677
227 0.674188 0.85761
228 0.677675 0.797435
229 0.60304 0.842955
230 0.645484 0.876346
231 0.636887 0.773285
232 0.633877 0.7772
233 0.721078 0.835335
234 0.705134 0.785221
235 0.665883 0.772401
236 0.617623 0.792617
237 0.68183 0.797793
238 0.604245 0.815284
239 0.618777 0.780671
240 0.59997 0.863622
241 0.673452 0.877076
242 0.586507 0.837258
243 0.630373 0.889573
244 0.690911 0.866948
245 0.693403 0.841415
246 0.591072 0.726604
247 0.691704 0.75378
248 0.623683 0.797813
249 0.575369 0.828527
250 0.620271 0.837288
251 0.685655 0.790057
252 0.61757 0.785408
253 0.661398 0.880229
254 0.58453 0.868676
255 0.673524 0.87725
256 0.721681 0.836391
257 0.604397 0.805343
258 0.623756 0.810455
259 0.703655 0.842921
260 0.658974 0.792988
261 0.611765 0.803307
262 0.614164 0.901821
263 0.666042 0.866357
264 0.709612 0.847311
265 0.61265 0.813045
266 0.577012 0.861351
267 0.660012 0.872665
268 0.598657 0.82745
269 0.508543 0.684126
270 0.690991 0.780477
271 0.605758 0.787742
272 0.63031 0.788256
273 0.728513 0.825917
274 0.644722 0.786114
275 0.732605 0.811902
276 0.643098 0.786318
277 0.620859 0.786906
278 0.686113 0.851518
279 0.626984 0.897958
280 0.630549 0.788476
281 0.67846 0.783845
282 0.686638 0.870502
283 0.67232 0.794854
284 0.674823 0.792544
285 0.612101 0.760917
286 0.56771 0.891337
287 0.721236 0.835609
288 0.63527 0.82521
289 0.640111 0.886302
290 0.612996 0.814806
291 0.634767 0.774362
292 0.713507 0.843263
293 0.647263 0.883837
294 0.649506 0.844891
295 0.605629 0.822435
296 0.665652 0.866116
297 0.6058 0.796
298 0.63015 0.820639
299 0.5815 0.858743
300 0.60879 0.86257
301 0.613095 0.844456
302 0.582621 0.849735
303 0.631907 0.780621
304 0.612256 0.765791
305 0.626663 0.896178
306 0.728699 0.826065
307 0.652759 0.851518
308 0.607062 0.73759
309 0.697782 0.79212
310 0.61035 0.895267
311 0.627243 0.834618
312 0.611156 0.892801
313 0.604394 0.795243
314 0.60806 0.823541
315 0.599496 0.770979
316 0.658302 0.835548
317 0.568062 0.816101
318 0.600878 0.822977
319 0.711636 0.828572
320 0.646608 0.812426
321 0.704249 0.839092
322 0.613505 0.775421
323 0.609093 0.781629
324 0.586878 0.760813
325 0.603184 0.800993
326 0.610982 0.898852
327 0.733921 0.815845
328 0.72855 0.825946
329 0.59799 0.779872
330 0.581256 0.861673
331 0.591812 0.807716
332 0.616199 0.778557
333 0.596124 0.907158
334 0.615949 0.796586
335 0.684287 0.870989
336 0.672214 0.815161
337 0.619614 0.886265
338 0.673019 0.784423
339 0.621873 0.744395
340 0.651513 0.75713
341 0.616176 0.814351
342 0.603265 0.799189
343 0.610685 0.895398
344 0.632354 0.820173
345 0.644104 0.775351
346 0.604409 0.844671
347 0.67554 0.756663
348 0.372261 0.374044
349 0.410357 0.306555
350 0.359413 0.366202
351 0.505601 0.344036
352 0.322579 0.379714
353 0.286775 0.442536
354 0.357213 0.33368
355 0.357008 0.353868
356 0.450211 0.251438
357 0.307886 0.343149
358 0.456396 0.235226
359 0.365964 0.334313
360 0.363264 0.382887
361 0.363178 0.329049
362 0.370748 0.358306
363 0.29702 0.43858
364 0.509393 0.356577
365 0.383574 0.341093
366 0.298106 0.440463
367 0.339382 0.373194
368 0.326499 0.38105
369 0.321775 0.348105
370 0.348325 0.400078
371 0.377358 0.317751
372 0.384381 0.326592
373 0.340688 0.40421
374 0.340965 0.401507
375 0.312321 0.376017
376 0.321973 0.408968
377 0.448054 0.2406
378 0.326941 0.415757
379 0.379248 0.445802
380 0.299745 0.320608
381 0.302033 0.331498
382 0.371298 0.31086
383 0.431388 0.275788
384 0.402208 0.413871
385 0.320409 0.416815
386 0.37788 0.44712
387 0.367773 0.385319
388 0.340397 0.396783
389 0.234849 0.439364
390 0.346793 0.32427
391 0.332772 0.405893
392 0.344978 0.411379
393 0.509129 0.357852
394 0.345976 0.415151
395 0.346192 0.408673
396 0.36148 0.339183
397 0.334547 0.368302
398 0.319137 0.385538
399 0.508884 0.357993
400 0.329491 0.417174
401 0.36079 0.463666
402 0.34974 0.391879
403 0.358949 0.336944
404 0.320176 0.400177
405 0.371241 0.35351
406 0.447888 0.367603
407 0.369255 0.328259
408 0.324887 0.400713
409 0.319129 0.390129
410 0.352756 0.330815
411 0.459229 0.259324
412 0.345316 0.397959
413 0.371661 0.361479
414 0.37888 0.459409
415 0.365091 0.378687
416 0.343178 0.384919
417 0.342407 0.404511
418 0.361571 0.360031
419 0.319122 0.385424
420 0.310401 0.425337
421 0.35571 0.365566
422 0.378585 0.382573
423 0.336436 0.421721
424 0.306208 0.330893
425 0.37218 0.384777
426 0.357857 0.364313
427 0.390422 0.458481
428 0.321553 0.451006
429 0.394646 0.294104
430 0.321683 0.400739
431 0.329982 0.406262
432 0.341764 0.386476
433 0.380114 0.319236
434 0.353015 0.395157
435 0.311508 0.348212
436 0.336059 0.428203
437 0.429733 0.364232
438 0.33456 0.412608
439 0.345001 0.385941
440 0.327909 0.366114
441 0.509039 0.357953
442 0.347078 0.352999
443 0.465622 0.246747
444 0.342896 0.386795
445 0.353038 0.37544
446 0.316505 0.387699
447 0.454831 0.234656
448 0.415039 0.291472
449 0.368771 0.332464
450 0.348877 0.346724
451 0.361597 0.395908
452 0.347692 0.372416
453 0.457466 0.278214
454 0.490642 0.281395
455 0.364555 0.350934
456 0.338551 0.396913
457 0.310664 0.33832
458 0.349379 0.361059
459 0.300613 0.338902
460 0.352366 0.383717
461 0.347984 0.411137
462 0.351739 0.387937
463 0.348483 0.381381
464 0.408301 0.472171
465 0.34135 0.4042
466 0.392567 0.294358
467 0.426792 0.435535
468 0.465624 0.246752
469 0.317963 0.356336
470 0.37418 0.314625
471 0.35285 0.398014
472 0.418486 0.310191
473 0.346019 0.38842
474 0.360504 0.329735
475 0.312604 0.414783
476 0.50961 0.359384
477 0.34328 0.32229
478 0.389958 0.338236
479 0.322084 0.400742
480 0.3985 0.346822
481 0.361439 0.34434
482 0.324451 0.402763
483 0.26849 0.480616
484 0.27976 0.435562
485 0.357097 0.304585
486 0.301467 0.331932
487 0.323104 0.400264
488 0.339588 0.386824
489 0.353879 0.33453
490 0.343279 0.345127
491 0.338644 0.342657
492 0.328748 0.420368
493 0.320344 0.399171
494 0.311427 0.396368
495 0.367621 0.379267
496 0.330039 0.41868
497 0.331516 0.394985
498 0.430742 0.31514
499 0.422225 0.434296
500 0.332654 0.396681
501 0.509075 0.357943
502 0.338958 0.345546
503 0.329812 0.402572
504 0.369846 0.347668
505 0.301394 0.330258
506 0.339151 0.399639
507 0.337471 0.392184
508 0.36783 0.365842
509 0.305734 0.324697
510 0.368516 0.349509
511 0.325707 0.394895
512 0.325003 0.388257
513 0.334159 0.410281
514 0.335982 0.40349
515 0.335324 0.410555
516 0.310933 0.342758
517 0.301952 0.430487
518 0.318702 0.339229
519 0.348558 0.344571
520 0.348654 0.402435
521 0.339567 0.361401
522 0.385462 0.299006
523 0.356816 0.385816
524 0.335025 0.416016
525 0.328972 0.402147
526 0.263734 0.426812
527 0.336114 0.409085
528 0.38054 0.34143
529 0.395672 0.3057
530 0.409624 0.273544
531 0.362697 0.341399
532 0.420393 0.399007
533 0.403704 0.302117
534 0.39344 0.334365
535 0.337517 0.367443
536 0.320459 0.376994
537 0.330284 0.413404
538 0.295471 0.435417
539 0.358763 0.342757
540 0.342718 0.346034
541 0.357466 0.33052
542 0.339023 0.404923
543 0.377676 0.342921
544 0.338503 0.404484
545 0.342855 0.385363
546 0.355533 0.356024
547 0.360992 0.346425
548 0.344407 0.371832
549 0.411851 0.456186
550 0.457482 0.235612
551 0.305836 0.331264
552 0.402195 0.413881
553 0.350587 0.395476
554 0.312546 0.340884
555 0.347233 0.360043
556 0.352684 0.396982
557 0.342552 0.370337
558 0.372804 0.388019
559 0.326582 0.416665
560 0.327909 0.390738
561 0.331527 0.409684
562 0.402234 0.275943
563 0.325917 0.41941
564 0.506971 0.345822
565 0.340442 0.373707
566 0.303469 0.42758
567 0.415214 0.396577
568 0.384386 0.304855
569 0.355612 0.372186
570 0.361906 0.372418
571 0.405094 0.288553
572 0.419443 0.433365
573 0.439797 0.361221
574 0.398888 0.409208
575 0.446112 0.346016
576 0.336753 0.618308
577 0.330246 0.59837
578 0.330967 0.599907
579 0.433864 0.367407
580 0.287409 0.452901
581 0.353498 0.624111
582 0.32715 0.603495
583 0.340509 0.604457
584 0.384675 0.412449
585 0.484935 0.340174
586 0.385534 0.413625
587 0.355889 0.439037
588 0.445669 0.351627
589 0.420059 0.379262
590 0.40229 0.376266
591 0.331071 0.432942
592 0.433651 0.36812
593 0.392074 0.363787
594 0.415519 0.679062
595 0.340954 0.608437
596 0.282396 0.481633
597 0.433353 0.356286
598 0.45043 0.359773
599 0.331886 0.598162
600 0.337746 0.609868
601 0.314566 0.442517
602 0.357062 0.623499
603 0.446429 0.356038
604 0.335641 0.434176
605 0.446176 0.363994
606 0.247245 0.457075
607 0.486448 0.349122
608 0.474895 0.324162
609 0.399992 0.386141
610 0.390625 0.375814
611 0.446826 0.351384
612 0.434125 0.351994
613 0.480701 0.330394
614 0.33343 0.429452
615 0.341026 0.605002
616 0.415805 0.395094
617 0.432895 0.356887
618 0.411691 0.383646
619 0.432112 0.362009
620 0.395086 0.391767
621 0.459141 0.373963
622 0.444633 0.377333
623 0.445662 0.361769
624 0.352956 0.624289
625 0.44342 0.363869
626 0.449733 0.35814
627 0.341078 0.604513
628 0.328417 0.612296
629 0.281988 0.495197
630 0.398342 0.39227
631 0.429159 0.388095
632 0.331687 0.598389
633 0.444249 0.34808
634 0.346934 0.453035
635 0.336925 0.572466
636 0.432708 0.362226
637 0.264942 0.484588
638 0.483254 0.338178
639 0.375623 0.423122
640 0.331485 0.598649
641 0.263171 0.486171
642 0.353174 0.62421
643 0.337758 0.609877
644 0.417939 0.369034
645 0.340521 0.435301
646 0.364966 0.426931
647 0.339344 0.576464
648 0.468877 0.328888
649 0.290011 0.525286
650 0.330797 0.599479
651 0.278859 0.457524
652 0.394654 0.370153
653 0.413331 0.380676
654 0.426237 0.366029
655 0.400707 0.405729
656 0.32187 0.509303
657 0.447227 0.377549
658 0.34108 0.60451
659 0.341079 0.604512
660 0.462396 0.368878
661 0.328746 0.608344
662 0.340366 0.604237
663 0.406414 0.403021
664 0.438636 0.350165
665 0.334875 0.6139
666 0.41818 0.360869
667 0.34751 0.574508
668 0.474674 0.324583
669 0.326357 0.436166
670 0.332168 0.597983
671 0.336376 0.477466
672 0.453086 0.374405
673 0.395005 0.368769
674 0.484228 0.339017
675 0.330704 0.600197
676 0.354831 0.421704
677 0.421166 0.379459
678 0.393459 0.398954
679 0.39307 0.417799
680 0.42776 0.357178
681 0.330454 0.600365
682 0.431032 0.381153
683 0.362177 0.414687
684 0.445366 0.364522
685 0.42948 0.356044
686 0.253523 0.91631
687 0.289658 0.932569
688 0.264688 0.918964
689 0.16519 0.922362
690 0.238527 0.935388
691 0.187431 0.933952
692 0.210347 0.955499
693 0.276595 0.932075
694 0.262714 0.915527
695 0.25186 0.916072
696 0.257664 0.914883
697 0.283547 0.907886
698 0.393862 0.823767
699 0.164849 0.923134
700 0.217416 0.932047
701 0.249646 0.927665
702 0.162297 0.914271
703 0.294638 0.918135
704 0.222015 0.933632
705 0.268086 0.919107
706 0.243129 0.928138
707 0.185412 0.934914
708 0.301079 0.908618
709 0.293315 0.932555
710 0.267852 0.943387
711 0.235387 0.92864
712 0.184713 0.928217
713 0.259846 0.910521
714 0.173349 0.923186
715 0.22917 0.909967
716 0.255238 0.938097
717 0.305671 0.965659
718 0.273311 0.935384
719 0.268137 0.91155
720 0.269462 0.939816
721 0.232462 0.940707
722 0.228452 0.919886
723 0.242516 0.936247
724 0.248204 0.914223
725 0.167386 0.918286
726 0.257672 0.927431
727 0.247283 0.915044
728 0.286658 0.928896
729 0.345267 0.92348
730 0.292306 0.94926
731 0.253437 0.930533
732 0.16907 0.921388
733 0.203137 0.931339
734 0.243511 0.929445
735 0.310051 0.951776
736 0.202258 0.929413
737 0.267414 0.93862
738 0.236145 0.909992
739 0.280823 0.9393
740 0.275687 0.952644
741 0.279876 0.944118
742 0.208292 0.933525
743 0.195685 0.941712
744 0.263777 0.962356
745 0.263834 0.910792
746 0.20304 0.936149
747 0.292576 0.91457
748 0.280993 0.943871
749 0.210115 0.953492
750 0.239407 0.957784
751 0.230864 0.926888
752 0.256738 0.919674
753 0.327937 0.913704
754 0.274866 0.929472
755 0.256602 0.939151
756 0.229574 0.929661
757 0.237872 0.954185
758 0.263025 0.940915
759 0.254485 0.940315
760 0.252216 0.919101
761 0.259267 0.940301
762 0.241208 0.9309
763 0.287602 0.947535
764 0.284208 0.938354
765 0.302715 0.94523
766 0.248963 0.91746
767 0.175837 0.925907
768 0.196579 0.929315
769 0.320212 0.920479
770 0.262854 0.936172
771 0.192792 0.920106
772 0.29379 0.904201
773 0.257408 0.925611
774 0.291433 0.907309
775 0.225104 0.958196
776 0.358006 0.938307
777 0.25764 0.931938
778 0.259709 0.932938
779 0.293668 0.944436
780 0.278656 0.926731
781 0.263777 0.916205
782 0.222639 0.935833
783 0.271159 0.931553
784 0.242428 0.919965
785 0.212254 0.945989
786 0.20332 0.936001
787 0.272536 0.937855
788 0.165799 0.922059
789 0.178362 0.927183
790 0.232614 0.944454
791 0.171077 0.921918
792 0.28434 0.935883
793 0.259895 0.939765
794 0.223907 0.91579
795 0.22322 0.919287
796 0.186146 0.93398
797 0.278414 0.945014
798 0.323369 0.932633
799 0.235005 0.931103
800 0.287718 0.906128
801 0.163969 0.902114
802 0.166371 0.920922
803 0.301758 0.921128
804 0.327641 0.918793
805 0.276056 0.911139
806 0.17861 0.928664
807 0.298657 0.939834
808 0.244469 0.944336
809 0.268742 0.940778
810 0.278366 0.905215
811 0.327851 0.923703
812 0.291793 0.94232
813 0.210921 0.925793
814 0.254807 0.921986
815 0.2724 0.925997
816 0.20086 0.936031
817 0.26889 0.936268
818 0.202821 0.918943
819 0.297363 0.911177
820 0.267513 0.924381
821 0.22874 0.931696
822 0.184166 0.925014
823 0.289643 0.909722
824 0.271142 0.922537
825 0.343559 0.93031
826 0.225264 0.922065
827 0.266728 0.92143
828 0.278991 0.912602
829 0.234904 0.910511
830 0.27764 0.909859
831 0.272262 0.938407
832 0.271294 0.954883
833 0.194836 0.931359
834 0.259416 0.916514
835 0.286851 0.93902
836 0.24664 0.940358
837 0.294777 0.9446
838 0.297382 0.932009
839 0.176542 0.927286
840 0.299323 0.909463
841 0.260891 0.963079
842 0.244072 0.919334
843 0.293835 0.945582
844 0.278338 0.931681
845 0.260681 0.93532
846 0.223465 0.930811
847 0.247243 0.929833
848 0.266992 0.933505
849 0.275504 0.933249
850 0.218331 0.934595
851 0.28621 0.953112
852 0.298793 0.968085
853 0.252417 0.916517
854 0.242505 0.945489
855 0.307234 0.964952
856 0.323675 0.90758
857 0.594154 0.53143
858 0.440608 0.903233
859 0.403869 0.955088
860 0.304118 0.481668
861 0.359489 0.928596
862 0.599801 0.453028
863 0.365735 0.930843
864 0.37196 0.940331
865 0.52642 0.657582
866 0.418156 0.937802
867 0.388882 0.952274
868 0.526424 0.657618
869 0.342425 0.93219
870 0.43487 0.907131
871 0.478122 0.802309
872 0.388982 0.952682
873 0.389441 0.952031
874 0.389296 0.952184
875 0.408214 0.952183
876 0.365545 0.931192
877 0.386303 0.952976
878 0.365605 0.931255
879 0.43234 0.909266
880 0.325223 0.920408
881 0.435294 0.906325
882 0.363785 0.933587
883 0.408201 0.952053
884 0.375659 0.951965
885 0.390324 0.952215
886 0.372113 0.940484
887 0.389327 0.952127
888 0.364426 0.932132
889 0.359962 0.927117
890 0.341118 0.93353
891 0.406024 0.954893
892 0.408209 0.952107
893 0.373062 0.942542
894 0.418405 0.94397
895 0.435498 0.906285
896 0.196326 0.570939
897 0.195776 0.394438
898 0.196202 0.572715
899 0.0356403 0.425732
900 0.157177 0.459159
901 0.0496351 0.495382
902 0.178269 0.59802
903 0.0631485 0.506174
904 0.18675 0.597086
905 0.217929 0.489453
906 0.223386 0.425081
907 0.196397 0.465413
908 0.196328 0.424485
909 0.072562 0.446159
910 0.0662782 0.52904
911 0.0128254 0.530869
912 0.127887 0.497927
913 0.182407 0.470937
914 0.200299 0.506454
915 0.236848 0.506941
916 0.221902 0.415738
917 0.170032 0.530493
918 0.0148537 0.541638
919 0.185493 0.544109
920 0.163601 0.387297
921 0.223808 0.43023
922 0.186732 0.379273
923 0.167393 0.327223
924 0.144694 0.547244
925 0.229093 0.413838
926 0.166668 0.405262
927 0.2021 0.41828
928 0.111789 0.403246
929 0.11579 0.328835
930 0.259129 0.487386
931 0.178473 0.499493
932 0.185402 0.424315
933 0.173772 0.556724
934 0.218326 0.433183
935 0.11251 0.521198
936 0.270018 0.467316
937 0.0919589 0.572219
938 0.0613719 0.508253
939 0.125969 0.501446
940 0.127518 0.551251
941 0.175827 0.570493
942 0.199075 0.557607
943 0.0930875 0.547104
944 0.124287 0.533755
945 0.117183 0.603806
946 0.216829 0.398425
947 0.209447 0.421086
948 0.24441 0.498238
949 0.131722 0.505174
950 0.128748 0.404664
951 0.204777 0.377718
952 0.23338 0.413503
953 0.193933 0.420851
954 0.188069 0.553943
955 0.0414969 0.439864
956 0.0234055 0.467138
957 0.191712 0.582055
958 0.0436924 0.489939
959 0.17137 0.413089
960 0.187267 0.402233
961 0.1577 0.358696
962 0.214077 0.502713
963 0.0829164 0.49215
964 0.122849 0.52907
965 0.106965 0.545387
966 0.204471 0.400347
967 0.214638 0.393386
968 0.193901 0.467873
969 0.170998 0.568039
970 0.139124 0.395344
971 0.165459 0.567417
972 0.155231 0.397742
973 0.192381 0.337756
974 0.103138 0.577062
975 0.18267 0.588145
976 0.269041 0.482591
977 0.105586 0.533834
978 0.199371 0.406931
979 0.0380441 0.461107
980 0.20612 0.420241
981 0.187185 0.597964
982 0.180741 0.408424
983 0.187454 0.394855
984 0.186183 0.556222
985 0.0751816 0.58194
986 0.0864174 0.55176
987 0.08829 0.422635
988 0.189662 0.597298
989 0.189874 0.59939
990 0.209004 0.231063
991 0.161468 0.359616
992 0.0641043 0.504136
993 0.217228 0.41929
994 0.187835 0.531833
995 0.180784 0.396444
996 0.0890303 0.336102
997 0.183443 0.416653
998 0.130393 0.412831
999 0.21553 0.394851
1000 0.0926102 0.575996
1001 0.238194 0.463587
1002 0.00253364 0.507455
1003 0.217216 0.399144
1004 0.226724 0.413296
1005 0.111468 0.556957
1006 0.192499 0.404404
1007 0.154954 0.553812
1008 0.132664 0.368919
1009 0.180714 0.581407
1010 0.140036 0.539725
1011 0.133402 0.522518
1012 0.238897 0.473859
1013 0.253909 0.498117
1014 0.192559 0.560448
1015 0.176912 0.599872
1016 0.0173729 0.460676
1017 0.211161 0.404882
1018 0.220385 0.554471
1019 0.203476 0.582975
1020 0.196042 0.54456
1021 0.188173 0.569722
1022 0.136585 0.482805
1023 0.149607 0.432755
1024 0.183729 0.403866
1025 0.237416 0.47752
1026 0.219197 0.421535
1027 0.0 0.49656
1028 0.244541 0.41525
1029 0.209427 0.428749
1030 0.0838133 0.447634
1031 0.141873 0.330435
1032 0.202064 0.545034
1033 0.142483 0.3915
1034 0.0705894 0.384221
1035 0.168579 0.531678
1036 0.18681 0.59336
1037 0.14946 0.520752
1038 0.101874 0.385221
1039 0.164359 0.406603
1040 0.182501 0.400066
1041 0.130535 0.522689
1042 0.116537 0.542022
1043 0.0541196 0.434307
1044 0.17758 0.604643
1045 0.0830846 0.416087
1046 0.025709 0.557141
1047 0.199333 0.430292
1048 0.21383 0.396136
1049 0.228126 0.399179
1050 0.0983244 0.367107
1051 0.152597 0.52588
1052 0.158067 0.509299
1053 0.0969483 0.452208
1054 0.225907 0.435959
1055 0.133316 0.347824
1056 0.182674 0.422802
1057 0.0562389 0.529534
1058 0.157377 0.343014
1059 0.219038 0.413533
1060 0.201595 0.559507
1061 0.112303 0.409155
1062 0.139389 0.492723
1063 0.159323 0.395375
1064 0.14563 0.504675
1065 0.0458705 0.572631
1066 0.199729 0.551931
1067 0.196055 0.580757
1068 0.185655 0.433646
1069 0.158624 0.393887
1070 0.170072 0.518368
1071 0.0259043 0.507939
1072 0.113808 0.518589
1073 0.114538 0.392615
1074 0.241976 0.427159
1075 0.233759 0.42533
1076 0.221146 0.421743
1077 0.256784 0.405277
1078 0.203943 0.410196
1079 0.225747 0.41914
1080 0.238173 0.486604
1081 0.176177 0.56898
1082 0.18538 0.596296
1083 0.190711 0.402401
1084 0.157703 0.420143
1085 0.428182 0.368137
1086 0.211042 0.445644
1087 0.123075 0.337899
1088 0.236263 0.360699
1089 0.0994498 0.560467
1090 0.091843 0.575522
1091 0.161788 0.430415
1092 0.212605 0.388942
1093 0.115928 0.523652
1094 0.148428 0.498197
1095 0.24083 0.471832
1096 0.0245548 0.562191
1097 0.0532963 0.493276
1098 0.220513 0.350313
1099 0.204323 0.557156
1100 0.183216 0.591605
1101 0.204388 0.410715
1102 0.197579 0.556822
1103 0.160928 0.56046
1104 0.196468 0.568038
1105 0.00833166 0.507761
1106 0.14167 0.536339
1107 0.205846 0.40621
1108 0.209198 0.562562
1109 0.169471 0.512531
1110 0.208764 0.438449
1111 0.0462017 0.446075
1112 0.238026 0.400468
1113 0.249283 0.495546
1114 0.233321 0.472986
1115 0.172946 0.597909
1116 0.178654 0.418633
1117 0.195086 0.421711
1118 0.0600823 0.496519
1119 0.0154538 0.542178
1120 0.17547 0.583037
1121 0.14933 0.503174
1122 0.252381 0.472581
1123 0.205714 0.387451
1124 0.203385 0.407622
1125 0.205562 0.39866
1126 0.217166 0.412399
1127 0.103327 0.563413
1128 0.216333 0.442637
1129 0.202971 0.586782
1130 0.192146 0.392627
1131 0.112624 0.543021
1132 0.204215 0.404092
1133 0.108572 0.402778
1134 0.0941942 0.569625
1135 0.199435 0.435023
1136 0.19855 0.410427
1137 0.0476628 0.497224
1138 0.0477951 0.450916
1139 0.111752 0.5491
1140 0.178713 0.313796
1141 0.115959 0.569297
1142 0.254224 0.505055
1143 0.18549 0.515816
1144 0.145499 0.402829
1145 0.0278552 0.568249
1146 0.214356 0.40347
1147 0.13217 0.525437
1148 0.209126 0.570857
1149 0.226726 0.405776
1150 0.150676 0.360942
1151 0.122493 0.391007
1152 0.148987 0.530439
1153 0.199311 0.40899
1154 0.123479 0.510394
1155 0.254937 0.461979
1156 0.19503 0.416762
1157 0.0857789 0.396067
1158 0.192538 0.574954
1159 0.155565 0.530772
1160 0.194457 0.42806
1161 0.170847 0.365365
1162 0.105181 0.476191
1163 0.197997 0.399282
1164 0.177589 0.430721
1165 0.22331 0.362166
1166 0.183016 0.545864
1167 0.134051 0.553426
1168 0.0763996 0.562443
1169 0.12435 0.516234
1170 0.163474 0.556437
1171 0.229303 0.349151
1172 0.199621 0.415242
1173 0.21697 0.408172
1174 0.149161 0.402137
1175 0.214045 0.397888
1176 0.0838178 0.601858
1177 0.0724075 0.438665
1178 0.233514 0.340371
1179 0.265957 0.463699
1180 0.18431 0.431624
1181 0.227254 0.402571
1182 0.23613 0.397863
1183 0.155958 0.506255
1184 0.223814 0.416156
1185 0.217198 0.407031
1186 0.0435472 0.504823
1187 0.244794 0.410717
1188 0.122741 0.539201
1189 0.15698 0.507576
1190 0.17619 0.585241
1191 0.201142 0.421206
1192 0.203925 0.568061
1193 0.253432 0.361887
1194 0.0655195 0.557527
1195 0.202891 0.383775
1196 0.253428 0.419184
1197 0.141239 0.43366
1198 0.227968 0.398966
1199 0.207251 0.410942
1200 0.10129 0.491868
1201 0.182511 0.425489
1202 0.0946291 0.458006
1203 0.120178 0.414287
1204 0.196604 0.568954
1205 0.19153 0.418132
1206 0.0157133 0.542503
1207 0.19072 0.414426
1208 0.00982399 0.520389
1209 0.235615 0.419364
1210 0.230281 0.492309
1211 0.206842 0.405349
1212 0.156754 0.493219
1213 0.111253 0.548469
1214 0.189077 0.410935
1215 0.192425 0.55294
1216 0.0634992 0.502672
1217 0.19592 0.48619
1218 0.0498615 0.446434
1219 0.196912 0.391891
1220 0.134032 0.419052
1221 0.173559 0.561688
1222 0.209267 0.426036
1223 0.219119 0.477482
1224 0.0785157 0.603075
1225 0.120642 0.541287
1226 0.185699 0.499738
1227 0.184052 0.582038
1228 0.132831 0.562155
1229 0.203936 0.584863
1230 0.209653 0.420634
1231 0.193188 0.577014
1232 0.0589364 0.478446
1233 0.111771 0.501639
1234 0.14765 0.503201
1235 0.19895 0.565337
1236 0.122266 0.546543
1237 0.247397 0.460671
1238 0.197071 0.419284
1239 0.14633 0.403752
1240 0.0656652 0.386283
1241 0.152999 0.562896
1242 0.230385 0.416879
1243 0.211473 0.429819
1244 0.11281 0.559293
1245 0.206436 0.533293
1246 0.15354 0.54665
1247 0.175336 0.519978
1248 0.117609 0.517218
1249 0.0968421 0.535988
1250 0.227564 0.413322
1251 0.139884 0.392062
1252 0.0152647 0.452365
1253 0.0241662 0.502883
1254 0.0660273 0.410805
1255 0.216218 0.396574
1256 0.193764 0.407863
1257 0.192848 0.595085
1258 0.153132 0.515698
1259 0.137129 0.526242
1260 0.122387 0.540606
1261 0.197913 0.551974
1262 0.0779024 0.417054
1263 0.13885 0.500343
1264 0.0736096 0.580139
1265 0.198663 0.378751
1266 0.113286 0.361419
1267 0.211371 0.410457
1268 0.148276 0.476982
1269 0.214091 0.406254
1270 0.0150464 0.482285
1271 0.190749 0.408379
1272 0.213222 0.386818
1273 0.193753 0.543943
1274 0.199787 0.363809
1275 0.14719 0.532147
1276 0.0627679 0.425292
1277 0.195029 0.571875
1278 0.212481 0.441965
1279 0.188907 0.601901
1280 0.182559 0.411006
1281 0.208696 0.549336
1282 0.194513 0.556537
1283 0.170342 0.369007
1284 0.2044 0.578024
1285 0.174406 0.401655
1286 0.165398 0.584374
1287 0.222896 0.392923
1288 0.191349 0.40045
1289 0.234816 0.419831
1290 0.224037 0.424978
1291 0.207318 0.419249
1292 0.188201 0.595207
1293 0.227143 0.389149
1294 0.233636 0.507361
1295 0.0737863 0.551085
1296 0.165519 0.521768
1297 0.253184 0.462654
1298 0.179925 0.57927
1299 0.120812 0.538383
1300 0.265781 0.467426
1301 0.130165 0.362239
1302 0.205119 0.402077
1303 0.198724 0.552137
1304 0.114228 0.552664
1305 0.214549 0.38882
1306 0.131288 0.544571
1307 0.18258 0.394148
1308 0.112088 0.560233
1309 0.216372 0.564026
1310 0.135724 0.545603
1311 0.175322 0.51068
1312 0.230484 0.395424
1313 0.268658 0.466865
1314 0.0856521 0.494701
1315 0.175614 0.596649
1316 0.176074 0.56907
1317 0.208663 0.336571
1318 0.249326 0.495298
1319 0.0482835 0.503309
1320 0.259477 0.472179
1321 0.174375 0.37971
1322 0.194685 0.580561
1323 0.193555 0.413749
1324 0.210761 0.54305
1325 0.140992 0.392843
1326 0.0182275 0.487544
1327 0.216563 0.384757
1328 0.190547 0.381873
1329 0.212148 0.402365
1330 0.194416 0.422997
1331 0.201752 0.417471
1332 0.237958 0.499099
1333 0.058852 0.49783
1334 0.213088 0.445611
1335 0.207237 0.402109
1336 0.183014 0.396201
1337 0.166961 0.384963
1338 0.16868 0.524343
1339 0.20988 0.42245
1340 0.237944 0.405064
1341 0.206255 0.404806
1342 0.123643 0.470365
1343 0.185178 0.486174
1344 0.2344 0.41159
1345 0.198062 0.579448
1346 0.101465 0.414938
1347 0.178956 0.57999
1348 0.136415 0.511362
1349 0.238965 0.480413
1350 0.181782 0.555941
1351 0.206669 0.393704
1352 0.218246 0.412082
1353 0.067067 0.45005
1354 0.0896651 0.55721
1355 0.127989 0.539678
1356 0.148478 0.498478
1357 0.208198 0.467136
1358 0.25679 0.470821
1359 0.187582 0.414327
1360 0.188309 0.379158
1361 0.23337 0.419719
1362 0.0707663 0.560284
1363 0.0472019 0.496093
1364 0.136034 0.487024
1365 0.227276 0.387485
1366 0.155099 0.527409
1367 0.220111 0.410889
1368 0.0422356 0.440314
1369 0.219372 0.369011
1370 0.190029 0.405999
1371 0.106739 0.471669
1372 0.0936247 0.513431
1373 0.182078 0.551396
1374 0.260501 0.464551
1375 0.24366 0.407433
1376 0.226785 0.406406
1377 0.211449 0.421947
1378 0.0523939 0.494733
1379 0.180826 0.596078
1380 0.195594 0.399303
1381 0.16789 0.594678
1382 0.215856 0.559498
1383 0.0654021 0.397704
1384 0.121093 0.372921
1385 0.189772 0.493662
1386 0.0107597 0.523874
1387 0.22638 0.430993
1388 0.185388 0.42076
1389 0.179771 0.429034
1390 0.219027 0.413577
1391 0.2067 0.409946
1392 0.210287 0.583043
1393 0.199008 0.445041
1394 0.013512 0.439208
1395 0.0511358 0.415254
1396 0.202234 0.555335
1397 0.242467 0.478105
1398 0.194824 0.382709
1399 0.20604 0.412523
1400 0.263394 0.490095
1401 0.152173 0.435314
1402 0.187715 0.405155
1403 0.0173637 0.460673
1404 0.180557 0.572562
1405 0.222324 0.276095
1406 0.178295 0.562427
1407 0.203357 0.443071
1408 0.234252 0.483676
1409 0.193409 0.422807
1410 0.195408 0.398903
1411 0.191124 0.356551
1412 0.177723 0.53844
1413 0.188752 0.58836
1414 0.14877 0.607441
1415 0.136543 0.526245
1416 0.232548 0.405179
1417 0.137252 0.559557
1418 0.147466 0.517844
1419 0.204288 0.28306
1420 0.229828 0.413853
1421 0.208833 0.405805
1422 0.200408 0.47318
1423 0.18939 0.570792
1424 0.0693141 0.473422
1425 0.220418 0.491658
1426 0.196151 0.583396
1427 0.234706 0.495412
1428 0.143978 0.513115
1429 0.204932 0.527179
1430 0.0867144 0.565937
1431 0.206365 0.402124
1432 0.185494 0.589382
1433 0.14898 0.393823
1434 0.151144 0.349603
1435 0.205267 0.466536
1436 0.17535 0.493052
1437 0.198513 0.389034
1438 0.178601 0.604499
1439 0.189505 0.37584
1440 0.220893 0.374638
1441 0.133537 0.358434
1442 0.0921242 0.412852
1443 0.0983275 0.507786
1444 0.172053 0.491167
1445 0.141068 0.362534
1446 0.252897 0.496055
1447 0.196489 0.41739
1448 0.202844 0.570571
1449 0.201577 0.392696
1450 0.210919 0.256414
1451 0.19983 0.531128
1452 0.0607482 0.480693
1453 0.162705 0.487676
1454 0.195436 0.560582
1455 0.162691 0.543577
1456 0.19817 0.40855
1457 0.181224 0.40896
1458 0.23688 0.422294
1459 0.192954 0.577546
1460 0.203065 0.376444
1461 0.159264 0.332279
1462 0.19279 0.590244
1463 0.165426 0.438143
1464 0.230456 0.510817
1465 0.426336 0.492028
1466 0.0139105 0.531506
1467 0.208544 0.397904
1468 0.0506203 0.493471
1469 0.132608 0.520971
1470 0.181938 0.410507
1471 0.203726 0.40858
1472 0.146274 0.525164
1473 0.197683 0.509017
1474 0.0626343 0.584621
1475 0.208101 0.560288
1476 0.0983831 0.339875
1477 0.139556 0.33331
1478 0.141471 0.496963
1479 0.198267 0.576119
1480 0.202238 0.387927
1481 0.13958 0.567815
1482 0.137843 0.52269
1483 0.212727 0.431231
1484 0.166164 0.403335
1485 0.246995 0.394359
1486 0.245727 0.465892
1487 0.229053 0.466663
1488 0.199827 0.40197
1489 0.165433 0.570186
1490 0.262862 0.511664
1491 0.222046 0.401828
1492 0.173531 0.526113
1493 0.050474 0.508336
1494 0.184523 0.40087
1495 0.193954 0.561571
1496 0.158982 0.514964
1497 0.165146 0.462337
1498 0.115976 0.415043
1499 0.0376238 0.433589
1500 0.141498 0.550644
1501 0.156647 0.383393
1502 0.181913 0.561737
1503 0.164133 0.562271
1504 0.139486 0.539942
1505 0.19832 0.259839
1506 0.263299 0.503803
1507 0.140703 0.518861
1508 0.21113 0.541581
1509 0.22765 0.410582
1510 0.102137 0.52109
1511 0.20014 0.372017
1512 0.267565 0.473076
1513 0.223842 0.38224
1514 0.264462 0.484955
1515 0.204989 0.553262
1516 0.216369 0.408693
1517 0.173107 0.423162
1518 0.211995 0.370711
1519 0.186076 0.381186
1520 0.211638 0.407806
1521 0.123811 0.38405
1522 0.227102 0.414431
1523 0.234324 0.41199
1524 0.229382 0.390596
1525 0.175085 0.520601
1526 0.221472 0.501817
1527 0.154122 0.356909
1528 0.204162 0.392454
1529 0.178681 0.503541
1530 0.221795 0.401007
1531 0.156282 0.499401
1532 0.231911 0.389497
1533 0.0741007 0.472353
1534 0.235498 0.266571
1535 0.184704 0.416654
1536 0.187592 0.502712
1537 0.186648 0.379719
1538 0.215427 0.390866
1539 0.223847 0.423876
1540 0.203211 0.441904
1541 0.129576 0.519745
1542 0.182434 0.403286
1543 0.237082 0.481866
1544 0.144962 0.362734
1545 0.224839 0.493007
1546 0.0131073 0.48074
1547 0.206831 0.4041
1548 0.0783837 0.490787
1549 0.220668 0.505618
1550 0.177612 0.597841
1551 0.205627 0.418522
1552 0.121556 0.343062
1553 0.20157 0.411158
1554 0.216784 0.413094
1555 0.195546 0.374512
1556 0.17048 0.417644
1557 0.222341 0.416611
1558 0.0368567 0.404915
1559 0.212983 0.408658
1560 0.0206585 0.552292
1561 0.191102 0.355706
1562 0.106509 0.442475
1563 0.225116 0.405175
1564 0.135778 0.350636
1565 0.247152 0.495723
1566 0.148925 0.486947
1567 0.208992 0.37733
1568 0.0498618 0.492934
1569 0.169298 0.526442
1570 0.206641 0.413709
1571 0.18057 0.419371
1572 0.246002 0.401274
1573 0.198928 0.57233
1574 0.243494 0.476333
1575 0.165748 0.505668
1576 0.202846 0.587004
1577 0.440383 0.490808
1578 0.194648 0.585928
1579 0.116427 0.377112
1580 0.19665 0.422095
1581 0.0227298 0.556446
1582 0.216087 0.55981
1583 0.18781 0.581935
1584 0.210001 0.43519
1585 0.152441 0.351351
1586 0.0265405 0.55831
1587 0.193161 0.594087
1588 0.210873 0.411405
1589 0.211432 0.407612
1590 0.218767 0.389948
1591 0.176642 0.568621
1592 0.170175 0.605694
1593 0.16476 0.399578
1594 0.149756 0.375816
1595 0.20963 0.542744
1596 0.179267 0.583559
1597 0.225406 0.411955
1598 0.198019 0.418588
1599 0.137701 0.470663
1600 0.218257 0.424071
1601 0.0620794 0.49392
1602 0.243045 0.532269
1603 0.21216 0.414912
1604 0.203055 0.427425
1605 0.189435 0.409365
1606 0.259312 0.488862
1607 0.0344396 0.511142
1608 0.205535 0.410817
1609 0.20314 0.42779
1610 0.204061 0.407817
1611 0.190174 0.566723
1612 0.221376 0.401792
1613 0.213979 0.409755
1614 0.218443 0.387817
1615 0.153202 0.404797
1616 0.262558 0.473819
1617 0.231642 0.413099
1618 0.265663 0.420699
1619 0.196276 0.413715
1620 0.208955 0.433355
1621 0.219188 0.423371
1622 0.213962 0.406889
1623 0.220152 0.396145
1624 0.137659 0.537795
1625 0.248518 0.517938
1626 0.206563 0.379726
1627 0.000149148 0.497069
1628 0.195401 0.579694
1629 0.0730221 0.500891
1630 0.167764 0.505546
1631 0.263213 0.51306
1632 0.223376 0.424706
1633 0.142721 0.542734
1634 0.129201 0.545298
1635 0.166172 0.589221
1636 0.195777 0.584741
1637 0.20246 0.401128
1638 0.215498 0.568398
1639 0.204985 0.386424
1640 0.0746583 0.572799
1641 0.158008 0.373993
1642 0.193325 0.258098
1643 0.219207 0.404994
1644 0.225577 0.399889
1645 0.258484 0.4786
1646 0.167232 0.478105
1647 0.202423 0.588596
1648 0.0397469 0.499415
1649 0.176559 0.561671
1650 0.166717 0.522164
1651 0.103367 0.405171
1652 0.21869 0.424003
1653 0.232308 0.400222
1654 0.186337 0.531905
1655 0.184386 0.595356
1656 0.203256 0.281507
1657 0.0665694 0.52917
1658 0.192978 0.48298
1659 0.230559 0.422129
1660 0.211519 0.506607
1661 0.202039 0.557208
1662 0.206699 0.406248
1663 0.216304 0.416347
1664 0.0746661 0.542532
1665 0.198774 0.410183
1666 0.217294 0.268365
1667 0.117009 0.543996
1668 0.200494 0.404507
1669 0.212557 0.420553
1670 0.143218 0.35746
1671 0.21468 0.490923
1672 0.118537 0.552439
1673 0.264869 0.473313
1674 0.195456 0.354543
1675 0.200297 0.425802
1676 0.139261 0.413963
1677 0.256126 0.47678
1678 0.190624 0.352476
1679 0.255051 0.487139
1680 0.193964 0.561011
1681 0.136865 0.505488
1682 0.201224 0.587401
1683 0.219545 0.424427
1684 0.202165 0.122321
1685 0.201644 0.425793
1686 0.143142 0.543124
1687 0.195834 0.379235
1688 0.22176 0.431795
1689 0.229346 0.411922
1690 0.0616521 0.54585
1691 0.1854 0.592793
1692 0.24787 0.465655
1693 0.0125971 0.464451
1694 0.222599 0.488257
1695 0.248102 0.508679
1696 0.147269 0.480127
1697 0.219085 0.453158
1698 0.154578 0.407148
1699 0.169213 0.505236
1700 0.170992 0.427462
1701 0.140672 0.313447
1702 0.227571 0.387685
1703 0.138942 0.535095
1704 0.168169 0.565988
1705 0.198644 0.393691
1706 0.18149 0.555684
1707 0.206954 0.410072
1708 0.113947 0.386753
1709 0.14719 0.528503
1710 0.18655 0.381964
1711 0.102953 0.457999
1712 0.192902 0.399086
1713 0.111678 0.488326
1714 0.213298 0.407719
1715 0.181543 0.576927
1716 0.203109 0.584426
1717 0.217163 0.415716
1718 0.387906 0.476849
1719 0.249216 0.391641
1720 0.207997 0.563894
1721 0.226081 0.414992
1722 0.173756 0.418214
1723 0.179568 0.41762
1724 0.236487 0.427206
1725 0.136853 0.553269
1726 0.204185 0.27015
1727 0.175368 0.516193
1728 0.177387 0.6022
1729 0.196573 0.548804
1730 0.208087 0.415088
1731 0.090712 0.466779
1732 0.190184 0.55963
1733 0.065705 0.501723
1734 0.190699 0.42751
1735 0.235021 0.405706
1736 0.20621 0.407721
1737 0.23427 0.409484
1738 0.161019 0.512579
1739 0.106365 0.553462
1740 0.264659 0.475354
1741 0.192631 0.412929
1742 0.197875 0.560115
1743 0.194631 0.495652
1744 0.239625 0.480327
1745 0.200023 0.509007
1746 0.218082 0.419963
1747 0.0621855 0.499149
1748 0.0923116 0.547729
1749 0.112993 0.574335
1750 0.224908 0.414549
1751 0.203018 0.561442
1752 0.224644 0.401865
1753 0.221751 0.426904
1754 0.202635 0.432669
1755 0.0969818 0.609634
1756 0.0993185 0.536695
1757 0.213978 0.400555
1758 0.167551 0.307526
1759 0.0784014 0.587647
1760 0.0523822 0.526947
1761 0.197462 0.433475
1762 0.138964 0.572659
1763 0.24915 0.502936
1764 0.172709 0.594703
1765 0.205372 0.384486
1766 0.242293 0.5063
1767 0.246904 0.481583
1768 0.210292 0.41196
1769 0.258505 0.410192
1770 0.164989 0.516066
1771 0.21658 0.378107
1772 0.182565 0.404863
1773 0.239419 0.519059
1774 0.207584 0.385149
1775 0.140647 0.42705
1776 0.0625282 0.526689
1777 0.287275 0.476101
1778 0.237626 0.482875
1779 0.161948 0.356951
1780 0.232734 0.375734
1781 0.146532 0.544235
1782 0.235069 0.4025
1783 0.174665 0.547432
1784 0.0584538 0.473115
1785 0.14251 0.547122
1786 0.198454 0.562297
1787 0.0844788 0.474031
1788 0.0547303 0.42934
1789 0.213466 0.400627
1790 0.233325 0.525304
1791 0.20646 0.419132
1792 0.136205 0.322157
1793 0.206955 0.417735
1794 0.187593 0.515056
1795 0.230425 0.403303
1796 0.222495 0.394795
1797 0.0901403 0.429044
1798 0.0614193 0.496635
1799 0.223386 0.405065
1800 0.216426 0.413232
1801 0.252129 0.511563
1802 0.0386243 0.496249
1803 0.229612 0.370832
1804 0.213514 0.411522
1805 0.17537 0.381934
1806 0.199264 0.374422
1807 0.173674 0.504939
1808 0.16889 0.489247
1809 0.190936 0.40945
1810 0.217802 0.399028
1811 0.187276 0.420926
1812 0.211722 0.565673
1813 0.207014 0.421823
1814 0.104651 0.467843
1815 0.107685 0.537987
1816 0.209393 0.404505
1817 0.213173 0.432096
1818 0.181812 0.485119
1819 0.236648 0.404611
1820 0.201067 0.559566
1821 0.177477 0.388232
1822 0.111459 0.341128
1823 0.21147 0.423059
1824 0.201453 0.561451
1825 0.199964 0.374436
1826 0.203295 0.400916
1827 0.210585 0.414844
1828 0.187473 0.544366
1829 0.142439 0.48699
1830 0.191335 0.530591
1831 0.148417 0.501495
1832 0.170271 0.407342
1833 0.210087 0.411608
1834 0.0186484 0.542915
1835 0.216478 0.406094
1836 0.258787 0.402748
1837 0.065976 0.468754
1838 0.12901 0.347208
1839 0.201803 0.408868
1840 0.0807695 0.578537
1841 0.195419 0.595785
1842 0.205493 0.419028
1843 0.188957 0.388543
1844 0.242383 0.483459
1845 0.203881 0.413112
1846 0.228497 0.376636
1847 0.190211 0.452012
1848 0.21318 0.561028
1849 0.202153 0.413075
1850 0.189186 0.546745
1851 0.199277 0.373811
1852 0.2316 0.371739
1853 0.237073 0.51807
1854 0.0115014 0.454084
1855 0.126486 0.497001
1856 0.0995148 0.414202
1857 0.183852 0.589533
1858 0.174758 0.373921
1859 0.207009 0.583235
1860 0.147923 0.369418
1861 0.191845 0.418472
1862 0.172559 0.587744
1863 0.224163 0.38711
1864 0.207011 0.42082
1865 0.131529 0.377568
1866 0.205466 0.411279
1867 0.221603 0.425209
1868 0.190397 0.409284
1869 0.11311 0.559496
1870 0.262019 0.491753
1871 0.204125 0.553464
1872 0.185122 0.577869
1873 0.180001 0.594085
1874 0.149061 0.393588
1875 0.176774 0.575141
1876 0.149361 0.526645
1877 0.234733 0.426364
1878 0.256623 0.494797
1879 0.207548 0.411457
1880 0.0517166 0.493775
1881 0.220505 0.475456
1882 0.259985 0.47952
1883 0.250776 0.370152
1884 0.176323 0.600615
1885 0.191976 0.468305
1886 0.214378 0.418187
1887 0.150542 0.599446
1888 0.210074 0.411602
1889 0.0450116 0.468749
1890 0.0331004 0.475678
1891 0.206417 0.402646
1892 0.0339173 0.506998
1893 0.20446 0.555994
1894 0.195928 0.537706
1895 0.0610399 0.497909
1896 0.0484628 0.468759
1897 0.209541 0.481733
1898 0.190741 0.417473
1899 0.18809 0.579359
1900 0.163457 0.39555
1901 0.173817 0.492175
1902 0.20499 0.422787
1903 0.165337 0.588916
1904 0.12015 0.537135
1905 0.103244 0.370719
1906 0.127537 0.551109
1907 0.197668 0.541463
1908 0.141152 0.350327
1909 0.186323 0.397609
1910 0.159779 0.493926
1911 0.197469 0.380945
1912 0.516318 0.564416
1913 0.535257 0.492367
1914 0.609431 0.540515
1915 0.608611 0.646541
1916 0.489439 0.532102
1917 0.42289 0.554277
1918 0.428077 0.561468
1919 0.599163 0.552547
1920 0.487491 0.509356
1921 0.586493 0.534231
1922 0.588942 0.644374
1923 0.515817 0.563065
1924 0.602041 0.495843
1925 0.42965 0.540825
1926 0.507844 0.542767
1927 0.603097 0.541227
1928 0.595279 0.528612
1929 0.421703 0.562571
1930 0.545878 0.623996
1931 0.598413 0.53444
1932 0.483776 0.515859
1933 0.58667 0.663929
1934 0.583064 0.637373
1935 0.608906 0.541706
1936 0.56001 0.651918
1937 0.616879 0.660058
1938 0.429382 0.554287
1939 0.515904 0.527367
1940 0.487687 0.507228
1941 0.464008 0.534974
1942 0.446552 0.528109
1943 0.432711 0.550804
1944 0.509927 0.584857
1945 0.494269 0.519229
1946 0.429558 0.557531
1947 0.504124 0.521478
1948 0.485375 0.507289
1949 0.591863 0.662794
1950 0.639334 0.567679
1951 0.59827 0.551186
1952 0.521472 0.56345
1953 0.427199 0.571011
1954 0.530168 0.524353
1955 0.502701 0.525179
1956 0.648782 0.620731
1957 0.604346 0.553732
1958 0.620479 0.554721
1959 0.502471 0.516267
1960 0.570135 0.627602
1961 0.617071 0.593
1962 0.426037 0.559875
1963 0.41411 0.559534
1964 0.517753 0.576845
1965 0.537715 0.600318
1966 0.442508 0.552849
1967 0.466369 0.43415
1968 0.590922 0.532793
1969 0.501116 0.606588
1970 0.515468 0.54094
1971 0.434279 0.558387
1972 0.580082 0.540432
1973 0.581179 0.541193
1974 0.518998 0.63968
1975 0.547408 0.625663
1976 0.578785 0.543337
1977 0.521157 0.639959
1978 0.54323 0.658558
1979 0.424702 0.555344
1980 0.611497 0.548463
1981 0.523392 0.522173
1982 0.532819 0.515203
1983 0.432796 0.54446
1984 0.437028 0.558256
1985 0.444015 0.540608
1986 0.434759 0.565781
1987 0.521577 0.516872
1988 0.572773 0.50116
1989 0.443076 0.56643
1990 0.554284 0.651892
1991 0.60501 0.554711
1992 0.610611 0.499378
1993 0.437164 0.547985
1994 0.498617 0.501617
1995 0.597196 0.548738
1996 0.554082 0.682345
1997 0.418135 0.554835
1998 0.598974 0.555054
1999 0.598267 0.533406
2000 0.611498 0.536482
2001 0.595514 0.548084
2002 0.498556 0.531994
2003 0.514979 0.536272
2004 0.59274 0.554197
2005 0.439993 0.56586
2006 0.615331 0.549801
2007 0.478206 0.528834
2008 0.602615 0.606428
2009 0.57365 0.538156
2010 0.479347 0.512005
2011 0.605462 0.534829
2012 0.619912 0.533085
2013 0.629469 0.540965
2014 0.644556 0.565202
2015 0.619212 0.661539
2016 0.624155 0.545496
2017 0.58457 0.648535
2018 0.590966 0.545615
2019 0.4575 0.511353
2020 0.440001 0.565972
2021 0.440546 0.585679
2022 0.599223 0.538703
2023 0.55033 0.618302
2024 0.592085 0.551762
2025 0.623648 0.544627
2026 0.477136 0.529562
2027 0.59604 0.557058
2028 0.482883 0.512507
2029 0.518971 0.56434
2030 0.429825 0.561024
2031 0.499169 0.563143
2032 0.499733 0.522976
2033 0.434299 0.565744
2034 0.630953 0.65405
2035 0.56439 0.622602
2036 0.515494 0.595056
2037 0.441135 0.55669
2038 0.500075 0.537383
2039 0.505584 0.515797
2040 0.438275 0.544493
2041 0.617292 0.647321
2042 0.486207 0.512045
2043 0.432465 0.562024
2044 0.460966 0.541873
2045 0.438705 0.560426
2046 0.424826 0.539822
2047 0.508291 0.555357
2048 0.49795 0.584087
2049 0.555974 0.636137
2050 0.620136 0.539121
2051 0.615222 0.632078
2052 0.490251 0.517879
2053 0.50199 0.511857
2054 0.501487 0.52173
2055 0.447041 0.573517
2056 0.434689 0.536502
2057 0.508101 0.503286
2058 0.442632 0.537894
2059 0.42293 0.55765
2060 0.450979 0.551839
2061 0.610296 0.544736
2062 0.496656 0.539701
2063 0.434877 0.546923
2064 0.424771 0.552001
2065 0.468035 0.52153
2066 0.522736 0.613589
2067 0.448577 0.522603
2068 0.499817 0.520091
2069 0.440946 0.550465
2070 0.581843 0.656374
2071 0.485053 0.51426
2072 0.500685 0.526097
2073 0.427341 0.55253
2074 0.426284 0.569001
2075 0.526451 0.532954
2076 0.600126 0.509385
2077 0.417449 0.555269
2078 0.431191 0.549697
2079 0.645643 0.656602
2080 0.583127 0.607825
2081 0.494236 0.52582
2082 0.56052 0.632827
2083 0.435898 0.564885
2084 0.440793 0.546653
2085 0.540364 0.584111
2086 0.438773 0.563756
2087 0.484488 0.514757
2088 0.432291 0.549903
2089 0.580152 0.639462
2090 0.423057 0.555067
2091 0.572839 0.614886
2092 0.452677 0.530295
2093 0.440553 0.548842
2094 0.663674 0.605569
2095 0.432311 0.545084
2096 0.539724 0.543221
2097 0.620416 0.554141
2098 0.426469 0.542001
2099 0.539645 0.55667
2100 0.627776 0.624596
2101 0.517984 0.516594
2102 0.504239 0.519748
2103 0.42958 0.557021
2104 0.431608 0.562659
2105 0.595859 0.638828
2106 0.663574 0.634384
2107 0.564639 0.614126
2108 0.437204 0.562714
2109 0.419079 0.551637
2110 0.522904 0.53001
2111 0.495524 0.516592
2112 0.432478 0.560662
2113 0.628664 0.630636
2114 0.573596 0.606975
2115 0.419817 0.553142
2116 0.568879 0.538129
2117 0.500911 0.536383
2118 0.422532 0.554541
2119 0.572638 0.635304
2120 0.591061 0.644258
2121 0.433891 0.564328
2122 0.417642 0.554878
2123 0.426569 0.55294
2124 0.431004 0.562039
2125 0.486184 0.520141
2126 0.568716 0.610748
2127 0.501296 0.520946
2128 0.504094 0.535014
2129 0.576666 0.636522
2130 0.604555 0.61691
2131 0.433303 0.552834
2132 0.494172 0.531852
2133 0.498588 0.545564
2134 0.499154 0.50366
2135 0.504694 0.511059
2136 0.412938 0.566869
2137 0.478199 0.531592
2138 0.501472 0.521668
2139 0.428398 0.563304
2140 0.43213 0.561164
2141 0.518719 0.587214
2142 0.441739 0.543936
2143 0.523024 0.525097
2144 0.496417 0.502242
2145 0.535174 0.569777
2146 0.590875 0.631411
2147 0.449848 0.52996
2148 0.48936 0.503651
2149 0.487475 0.520514
2150 0.438452 0.554273
2151 0.486784 0.507949
2152 0.585506 0.64675
2153 0.490056 0.520151
2154 0.426943 0.554055
2155 0.499204 0.554054
2156 0.594091 0.633506
2157 0.589586 0.55385
2158 0.554419 0.664853
2159 0.609235 0.549766
2160 0.592973 0.630765
2161 0.516869 0.523062
2162 0.580464 0.616316
2163 0.491614 0.546787
2164 0.425999 0.542385
2165 0.429562 0.562734
2166 0.547186 0.644193
2167 0.663705 0.603092
2168 0.666914 0.630625
2169 0.490776 0.509064
2170 0.596426 0.498851
2171 0.596926 0.547782
2172 0.429331 0.554544
2173 0.5665 0.640171
2174 0.49527 0.528253
2175 0.518502 0.608413
2176 0.501937 0.542787
2177 0.550687 0.533916
2178 0.575788 0.678202
2179 0.416824 0.544788
2180 0.49216 0.515575
2181 0.581976 0.655566
2182 0.516186 0.619703
2183 0.496655 0.52513
2184 0.432408 0.548183
2185 0.48769 0.562973
2186 0.55024 0.577138
2187 0.497873 0.514898
2188 0.427823 0.551461
2189 0.474203 0.523771
2190 0.433948 0.564506
2191 0.493334 0.504757
2192 0.606963 0.538062
2193 0.560393 0.64661
2194 0.501943 0.513052
2195 0.613752 0.677051
2196 0.487971 0.509005
2197 0.577814 0.607832
2198 0.481832 0.509325
2199 0.502704 0.530621
2200 0.431811 0.562746
2201 0.423806 0.557787
2202 0.596069 0.537166
2203 0.502416 0.512887
2204 0.657719 0.636422
2205 0.541051 0.575049
2206 0.431128 0.552964
2207 0.55271 0.501936
2208 0.468092 0.513312
2209 0.526088 0.570753
2210 0.448627 0.546246
2211 0.52511 0.569181
2212 0.420376 0.549838
2213 0.415232 0.556309
2214 0.515468 0.599025
2215 0.493923 0.501758
2216 0.418624 0.549842
2217 0.616217 0.619513
2218 0.434475 0.551145
2219 0.51717 0.642583
2220 0.421997 0.556946
2221 0.531344 0.538716
2222 0.524084 0.540452
2223 0.491103 0.525714
2224 0.49334 0.525863
2225 0.605171 0.558561
2226 0.509369 0.553737
2227 0.605985 0.636687
2228 0.557286 0.617671
2229 0.436874 0.545044
2230 0.594959 0.588106
2231 0.559177 0.622673
2232 0.515957 0.542647
2233 0.443744 0.545384
2234 0.452006 0.52212
2235 0.520051 0.541597
2236 0.565673 0.62916
2237 0.418161 0.557193
2238 0.596835 0.65156
2239 0.477645 0.524783
2240 0.430716 0.553834
2241 0.496476 0.511248
2242 0.504797 0.572645
2243 0.511294 0.52838
2244 0.432212 0.56095
2245 0.660349 0.610401
2246 0.48767 0.530033
2247 0.494807 0.530335
2248 0.553049 0.655487
2249 0.533393 0.533138
2250 0.501761 0.510866
2251 0.582817 0.653454
2252 0.545457 0.544139
2253 0.43524 0.566879
2254 0.505434 0.529159
2255 0.610728 0.516153
2256 0.507483 0.637556
2257 0.437769 0.560614
2258 0.420143 0.5405
2259 0.522132 0.513566
2260 0.584011 0.620955
2261 0.422231 0.567386
2262 0.463271 0.500047
2263 0.62786 0.635028
2264 0.493985 0.506855
2265 0.527143 0.623995
2266 0.43834 0.543112
2267 0.488292 0.524228
2268 0.524813 0.528361
2269 0.671457 0.61742
2270 0.534765 0.597739
2271 0.43398 0.549527
2272 0.515514 0.578429
2273 0.505483 0.519169
2274 0.532953 0.519403
2275 0.433762 0.559534
2276 0.435635 0.569829
2277 0.557122 0.606923
2278 0.444883 0.55371
2279 0.495801 0.520881
2280 0.522468 0.5223
2281 0.654739 0.599338
2282 0.500156 0.521166
2283 0.503358 0.532691
2284 0.605105 0.556262
2285 0.499876 0.498818
2286 0.545166 0.644039
2287 0.445715 0.569067
2288 0.474774 0.56973
2289 0.503223 0.544797
2290 0.429926 0.561794
2291 0.508496 0.605609
2292 0.488948 0.529382
2293 0.482009 0.503418
2294 0.498398 0.520388
2295 0.515677 0.49483
2296 0.535056 0.5757
2297 0.615525 0.549592
2298 0.501149 0.565444
2299 0.429896 0.568778
2300 0.438351 0.539261
2301 0.635465 0.607951
2302 0.491605 0.530312
2303 0.445414 0.522213
2304 0.515631 0.532167
2305 0.537176 0.502984
2306 0.43003 0.542735
2307 0.417353 0.557685
2308 0.435975 0.567382
2309 0.435844 0.549493
2310 0.528496 0.562364
2311 0.426461 0.577285
2312 0.555243 0.509261
2313 0.562591 0.600066
2314 0.538591 0.644488
2315 0.499412 0.502016
2316 0.542593 0.64281
2317 0.573698 0.624652
2318 0.516658 0.579396
2319 0.499355 0.512798
2320 0.606828 0.49885
2321 0.587252 0.655011
2322 0.531327 0.584731
2323 0.433541 0.562182
2324 0.441241 0.549925
2325 0.505532 0.549409
2326 0.428954 0.565205
2327 0.506234 0.530747
2328 0.488496 0.521233
2329 0.443462 0.558586
2330 0.49387 0.497539
2331 0.428617 0.557128
2332 0.496271 0.506381
2333 0.494512 0.519323
2334 0.430867 0.53982
2335 0.550473 0.634713
2336 0.490663 0.52122
2337 0.603371 0.557471
2338 0.492908 0.506813
2339 0.426616 0.552288
2340 0.424388 0.546865
2341 0.593825 0.619887
2342 0.573207 0.610539
2343 0.480366 0.520144
2344 0.500094 0.525902
2345 0.508829 0.558428
2346 0.614635 0.540217
2347 0.456013 0.534392
2348 0.438945 0.551663
2349 0.597922 0.494527
2350 0.458023 0.528592
2351 0.497729 0.510668
2352 0.426895 0.563418
2353 0.428775 0.57499
2354 0.433048 0.561565
2355 0.528116 0.515075
2356 0.430661 0.563572
2357 0.603146 0.633739
2358 0.591216 0.594182
2359 0.41745 0.556966
2360 0.579116 0.661321
2361 0.558367 0.619301
2362 0.523259 0.584654
2363 0.430351 0.565315
2364 0.60107 0.553038
2365 0.59755 0.539225
2366 0.534291 0.571289
2367 0.520355 0.55068
2368 0.490008 0.539292
2369 0.433167 0.558381
2370 0.435843 0.56879
2371 0.558216 0.620691
2372 0.501395 0.507228
2373 0.567098 0.655787
2374 0.429225 0.566762
2375 0.635259 0.602742
2376 0.443021 0.558991
2377 0.509688 0.516201
2378 0.591515 0.549528
2379 0.523374 0.540614
2380 0.566317 0.673446
2381 0.430897 0.560284
2382 0.659928 0.615622
2383 0.433973 0.525489
2384 0.504298 0.520373
2385 0.488617 0.512501
2386 0.421572 0.5456
2387 0.453259 0.530062
2388 0.601016 0.661721
2389 0.549724 0.520993
2390 0.526163 0.526206
2391 0.438705 0.532569
2392 0.445336 0.554285
2393 0.459112 0.5272
2394 0.50414 0.51539
2395 0.441484 0.55618
2396 0.520512 0.525094
2397 0.566796 0.636919
2398 0.503926 0.522474
2399 0.507928 0.509135
2400 0.540729 0.501769
2401 0.566738 0.503118
2402 0.574995 0.649659
2403 0.555847 0.651347
2404 0.431848 0.546217
2405 0.587665 0.647682
2406 0.517476 0.580259
2407 0.420575 0.570746
2408 0.43365 0.567168
2409 0.428479 0.558204
2410 0.433455 0.549274
2411 0.561674 0.632068
2412 0.577904 0.626769
2413 0.545053 0.498356
2414 0.4341 0.549902
2415 0.533435 0.533714
2416 0.524386 0.57388
2417 0.530361 0.527575
2418 0.423044 0.570914
2419 0.497295 0.540592
2420 0.486205 0.50603
2421 0.644083 0.646548
2422 0.635226 0.607968
2423 0.433432 0.565155
2424 0.604177 0.622209
2425 0.531733 0.566801
2426 0.559286 0.503128
2427 0.45925 0.531144
2428 0.43282 0.554939
2429 0.444406 0.537484
2430 0.441173 0.563642
2431 0.63342 0.619947
2432 0.540772 0.526137
2433 0.437589 0.56259
2434 0.513523 0.522306
2435 0.623733 0.556635
2436 0.490175 0.518852
2437 0.653337 0.643571
2438 0.518359 0.536038
2439 0.631529 0.615022
2440 0.553918 0.617401
2441 0.629234 0.632202
2442 0.467491 0.654989
2443 0.501808 0.54279
2444 0.606293 0.492798
2445 0.512582 0.516786
2446 0.439164 0.564386
2447 0.591602 0.549264
2448 0.571243 0.623016
2449 0.455594 0.536873
2450 0.623838 0.630561
2451 0.502889 0.517451
2452 0.515944 0.605461
2453 0.547832 0.59515
2454 0.451295 0.507958
2455 0.595337 0.61767
2456 0.622468 0.627537
2457 0.656165 0.642796
2458 0.49659 0.525148
2459 0.565836 0.530385
2460 0.427884 0.559672
2461 0.495965 0.528279
2462 0.451256 0.560587
2463 0.492394 0.519334
2464 0.427559 0.557684
2465 0.503496 0.498893
2466 0.606699 0.503378
2467 0.418874 0.550932
2468 0.452234 0.541083
2469 0.435343 0.56813
2470 0.647086 0.653714
2471 0.491503 0.524811
2472 0.526161 0.520089
2473 0.515034 0.544813
2474 0.543952 0.622487
2475 0.488743 0.529707
2476 0.444819 0.525891
2477 0.423083 0.570994
2478 0.447156 0.5363
2479 0.530124 0.519293
2480 0.522056 0.57984
2481 0.666381 0.615826
2482 0.433868 0.547347
2483 0.666269 0.586847
2484 0.416576 0.555305
2485 0.418551 0.553254
2486 0.598016 0.496697
2487 0.653715 0.5996
2488 0.557534 0.632225
2489 0.439968 0.560601
2490 0.579253 0.498069
2491 0.492144 0.530018
2492 0.432869 0.562109
2493 0.515598 0.616093
2494 0.612325 0.562032
2495 0.418688 0.554383
2496 0.508282 0.488392
2497 0.550164 0.645451
2498 0.495469 0.535958
2499 0.44853 0.566554
2500 0.42734 0.563341
2501 0.488767 0.537614
2502 0.511479 0.516544
2503 0.544327 0.657304
2504 0.417782 0.556481
2505 0.525597 0.662781
2506 0.444732 0.55295
2507 0.429657 0.551475
2508 0.494958 0.514931
2509 0.498031 0.526491
2510 0.493574 0.519526
2511 0.498338 0.523816
2512 0.477376 0.522734
2513 0.600337 0.497936
2514 0.510383 0.618976
2515 0.59067 0.485384
2516 0.497685 0.512042
2517 0.50558 0.635365
2518 0.494163 0.54692
2519 0.511772 0.502679
2520 0.435421 0.56288
2521 0.426865 0.542442
2522 0.531983 0.497314
2523 0.551755 0.639314
2524 0.449969 0.517024
2525 0.524582 0.563319
2526 0.442276 0.542471
2527 0.623177 0.57741
2528 0.633401 0.619576
2529 0.516551 0.503068
2530 0.478359 0.501981
2531 0.545633 0.522552
2532 0.415282 0.553469
2533 0.498328 0.519965
2534 0.562124 0.639161
2535 0.638381 0.607857
2536 0.445045 0.570081
2537 0.513299 0.525104
2538 0.588381 0.545287
2539 0.417994 0.555563
2540 0.548533 0.600266
2541 0.659519 0.626536
2542 0.436116 0.54297
2543 0.461125 0.534529
2544 0.50834 0.54682
2545 0.49616 0.481538
2546 0.41926 0.551418
2547 0.479822 0.528136
2548 0.63273 0.61265
2549 0.421734 0.562964
2550 0.444268 0.545882
2551 0.439987 0.551403
2552 0.41848 0.538977
2553 0.443157 0.55615
2554 0.426996 0.574268
2555 0.487788 0.513891
2556 0.420215 0.54815
2557 0.534669 0.560824
2558 0.607878 0.606704
2559 0.439669 0.557502
2560 0.439042 0.544662
2561 0.435295 0.543525
2562 0.587578 0.638491
2563 0.423059 0.567289
2564 0.423497 0.553913
2565 0.551639 0.681009
2566 0.535047 0.587614
2567 0.486002 0.514244
2568 0.559662 0.535552
2569 0.657907 0.640853
2570 0.597266 0.634948
2571 0.534329 0.528518
2572 0.522963 0.503373
2573 0.438569 0.561136
2574 0.428698 0.572003
2575 0.443639 0.558382
2576 0.432336 0.52982
2577 0.573609 0.64488
2578 0.436347 0.564942
2579 0.418297 0.546241
2580 0.541963 0.657481
2581 0.51435 0.590989
2582 0.493234 0.509829
2583 0.591098 0.54956
2584 0.461032 0.500573
2585 0.610562 0.548546
2586 0.424459 0.5562
2587 0.600812 0.647296
2588 0.484725 0.527983
2589 0.501285 0.51635
2590 0.427191 0.55227
2591 0.413396 0.559953
2592 0.495679 0.521716
2593 0.424197 0.55747
2594 0.508125 0.529138
2595 0.666449 0.587095
2596 0.674125 0.600434
2597 0.493338 0.530192
2598 0.496231 0.521749
2599 0.526934 0.488355
2600 0.435208 0.557006
2601 0.433482 0.552972
2602 0.434184 0.549742
2603 0.521285 0.536928
2604 0.43912 0.549923
2605 0.493843 0.561685
2606 0.439405 0.572303
2607 0.434789 0.557654
2608 0.503519 0.528327
2609 0.502019 0.496823
2610 0.522376 0.554094
2611 0.433042 0.543215
2612 0.535339 0.578279
2613 0.405255 0.543695
2614 0.596723 0.618163
2615 0.433368 0.558972
2616 0.50395 0.511171
2617 0.500252 0.524574
2618 0.572838 0.609423
2619 0.434124 0.560132
2620 0.599439 0.538523
2621 0.634154 0.617463
2622 0.556238 0.51041
2623 0.446275 0.562108
2624 0.437726 0.554131
2625 0.431704 0.556009
2626 0.618069 0.550922
2627 0.608019 0.538613
2628 0.57202 0.623921
2629 0.49746 0.513765
2630 0.427031 0.557862
2631 0.444535 0.556933
2632 0.621596 0.634203
2633 0.612388 0.537406
2634 0.63207 0.632498
2635 0.540692 0.533501
2636 0.606138 0.558371
2637 0.522773 0.567134
2638 0.430388 0.56572
2639 0.606894 0.536484
2640 0.587981 0.544393
2641 0.525509 0.572669
2642 0.497029 0.538693
2643 0.48554 0.52152
2644 0.567022 0.637656
2645 0.603806 0.546882
2646 0.442152 0.557536
2647 0.609577 0.56004
2648 0.608755 0.555311
2649 0.489144 0.521498
2650 0.607603 0.496379
2651 0.532487 0.635227
2652 0.528063 0.523181
2653 0.499262 0.504797
2654 0.430789 0.57022
2655 0.424439 0.562828
2656 0.577104 0.619863
2657 0.617442 0.551527
2658 0.605829 0.532907
2659 0.594064 0.574504
2660 0.597687 0.561393
2661 0.286374 0.105095
2662 0.258176 0.105278
2663 0.0749535 0.128205
2664 0.106955 0.14924
2665 0.252892 0.099521
2666 0.0994584 0.161887
2667 0.261306 0.046406
2668 0.236543 0.0802328
2669 0.127093 0.151811
2670 0.178122 0.0221078
2671 0.170197 0.0604901
2672 0.291061 0.114214
2673 0.100071 0.162508
2674 0.299401 0.107255
2675 0.258926 0.0797778
2676 0.110972 0.147887
2677 0.204827 0.191185
2678 0.181116 0.197199
2679 0.125829 0.146432
2680 0.10662 0.161891
2681 0.0983776 0.157632
2682 0.200333 0.098246
2683 0.100891 0.129529
2684 0.287912 0.127121
2685 0.202445 0.0836755
2686 0.26534 0.0641075
2687 0.294872 0.065351
2688 0.204233 0.13485
2689 0.108136 0.147231
2690 0.233048 0.0681362
2691 0.156914 0.0155881
2692 0.201601 0.0579306
2693 0.210409 0.142727
2694 0.135553 0.149839
2695 0.120638 0.103902
2696 0.219242 0.0724286
2697 0.2146 0.0680643
2698 0.117417 0.143395
2699 0.183278 0.0405562
2700 0.230162 0.0527278
2701 0.303094 0.127538
2702 0.25893 0.0619526
2703 0.177308 0.0225463
2704 0.289133 0.276552
2705 0.10012 0.166831
2706 0.121456 0.136665
2707 0.245586 0.144484
2708 0.29864 0.124423
2709 0.25118 0.0402948
2710 0.0813669 0.114637
2711 0.227836 0.0860839
2712 0.298637 0.0927548
2713 0.234989 0.114405
2714 0.176262 0.0643828
2715 0.269999 0.0590939
2716 0.276431 0.102856
2717 0.11326 0.165705
2718 0.25187 0.0953379
2719 0.290534 0.115825
2720 0.274738 0.0992558
2721 0.165665 0.0585674
2722 0.294491 0.0267879
2723 0.262176 0.0460819
2724 0.222895 0.117241
2725 0.188947 0.164783
2726 0.0807624 0.116157
2727 0.228394 0.0657006
2728 0.218862 0.113828
2729 0.131434 0.132864
2730 0.241648 0.0976609
2731 0.0806831 0.139527
2732 0.202661 0.00392571
2733 0.297497 0.124326
2734 0.214388 0.125428
2735 0.254361 0.0694849
2736 0.226308 0.0332512
2737 0.255008 0.10814
2738 0.112223 0.131372
2739 0.223799 0.0934712
2740 0.290861 0.28001
2741 0.0990752 0.129268
2742 0.291563 0.100915
2743 0.0975033 0.125813
2744 0.216756 0.114013
2745 0.0919818 0.132459
2746 0.128581 0.117937
2747 0.27281 0.0551567
2748 0.269544 0.10045
2749 0.0981758 0.152806
2750 0.106721 0.146345
2751 0.240728 0.105139
2752 0.205892 0.153879
2753 0.285465 0.0951403
2754 0.129348 0.142774
2755 0.108666 0.155414
2756 0.0908343 0.147592
2757 0.106427 0.150134
2758 0.235135 0.0846721
2759 0.163993 0.111376
2760 0.187508 0.170218
2761 0.119932 0.124911
2762 0.252181 0.0658297
2763 0.108573 0.128194
2764 0.214993 0.188882
2765 0.311123 0.102234
2766 0.11097 0.100642
2767 0.187504 0.0113763
2768 0.23908 0.095006
2769 0.094684 0.102304
2770 0.311762 0.110333
2771 0.218181 0.0463399
2772 0.262175 0.0740005
2773 0.0934916 0.148762
2774 0.142538 0.0230949
2775 0.230503 0.138731
2776 0.142127 0.0335905
2777 0.113056 0.1435
2778 0.287924 0.10874
2779 0.19625 0.096586
2780 0.272389 0.0904176
2781 0.270857 0.110054
2782 0.106519 0.143649
2783 0.265877 0.0777787
2784 0.251241 0.0881087
2785 0.278722 0.0798573
2786 0.10544 0.137443
2787 0.251546 0.100662
2788 0.143472 0.024171
2789 0.0811151 0.114511
2790 0.203225 0.08633
2791 0.261459 0.0507294
2792 0.156366 0.0155801
2793 0.280087 0.111318
2794 0.102299 0.109231
2795 0.250342 0.0736794
2796 0.300597 0.107395
2797 0.300449 0.124028
2798 0.114575 0.080274
2799 0.11622 0.0467406
2800 0.10535 0.144355
2801 0.236654 0.0316999
2802 0.289543 0.0666588
2803 0.232377 0.0739506
2804 0.293938 0.0456457
2805 0.136961 0.0593617
2806 0.122043 0.124958
2807 0.0907779 0.110637
2808 0.156601 0.04925
2809 0.116804 0.102757
2810 0.126448 0.132096
2811 0.286666 0.0515062
2812 0.232324 0.0955619
2813 0.219735 0.144355
2814 0.314703 0.24349
2815 0.10792 0.165932
2816 0.263042 0.0443782
2817 0.13173 0.0299571
2818 0.218415 0.1019
2819 0.273834 0.0744854
2820 0.194026 0.0739693
2821 0.103121 0.108376
2822 0.201176 0.175025
2823 0.298123 0.122456
2824 0.173824 0.0512451
2825 0.22675 0.124863
2826 0.211519 0.200362
2827 0.106871 0.161048
2828 0.299953 0.113376
2829 0.203826 0.102439
2830 0.231673 0.0982494
2831 0.232071 0.0673771
2832 0.270691 0.067742
2833 0.28762 0.111061
2834 0.192911 0.0235257
2835 0.126652 0.142836
2836 0.234873 0.0753889
2837 0.106927 0.095784
2838 0.311365 0.298295
2839 0.116122 0.145921
2840 0.281228 0.0869359
2841 0.231828 0.0798215
2842 0.185677 0.00557301
2843 0.237525 0.065249
2844 0.261912 0.073977
2845 0.262859 0.127836
2846 0.2951 0.0655588
2847 0.235802 0.07328
2848 0.24319 0.0794855
2849 0.295124 0.106088
2850 0.128138 0.131741
2851 0.0738983 0.125714
2852 0.0728558 0.141477
2853 0.303117 0.105524
2854 0.111731 0.117959
2855 0.312667 0.0380534
2856 0.253283 0.0638817
2857 0.114351 0.0411787
2858 0.219373 0.0734373
2859 0.275017 0.0747213
2860 0.19127 0.0548198
2861 0.130148 0.0412747
2862 0.10772 0.134242
2863 0.272288 0.0979915
2864 0.124006 0.146826
2865 0.229883 0.0774859
2866 0.106316 0.149185
2867 0.121933 0.144682
2868 0.265765 0.0635901
2869 0.284669 0.133275
2870 0.223755 0.0763933
2871 0.262001 0.0796214
2872 0.105691 0.157409
2873 0.0943051 0.148222
2874 0.0952222 0.125546
2875 0.280167 0.115279
2876 0.301041 0.0670101
2877 0.113021 0.144561
2878 0.248661 0.0536497
2879 0.172326 0.0324574
2880 0.128388 0.143291
2881 0.268316 0.0931381
2882 0.205953 0.0985027
2883 0.232435 0.177575
2884 0.0831573 0.106092
2885 0.30858 0.294785
2886 0.143569 0.0584906
2887 0.112149 0.12493
2888 0.0844742 0.110511
2889 0.191492 0.0377808
2890 0.0979088 0.140345
2891 0.100401 0.118741
2892 0.236288 0.134242
2893 0.186595 0.0842788
2894 0.28269 0.116235
2895 0.280087 0.0477801
2896 0.114537 0.134156
2897 0.125262 0.140983
2898 0.23102 0.0382077
2899 0.0677321 0.114587
2900 0.197569 0.0837286
2901 0.275015 0.0910619
2902 0.214264 0.00181554
2903 0.186043 0.162952
2904 0.277398 0.0924672
2905 0.116216 0.146986
2906 0.117096 0.145013
2907 0.113367 0.1195
2908 0.12681 0.131264
2909 0.109286 0.1357
2910 0.13258 0.14833
2911 0.115367 0.156588
2912 0.108993 0.160623
2913 0.133875 0.151634
2914 0.261846 0.108136
2915 0.113222 0.138004
2916 0.115758 0.153901
2917 0.0863604 0.172115
2918 0.234775 0.0574781
2919 0.120128 0.139473
2920 0.131313 0.146237
2921 0.255286 0.0894031
2922 0.151563 0.0365143
2923 0.222274 0.119288
2924 0.115829 0.128115
2925 0.123725 0.152969
2926 0.249639 0.014397
2927 0.115426 0.14103
2928 0.119319 0.140631
2929 0.0894677 0.132493
2930 0.213565 0.00210336
2931 0.100147 0.153094
2932 0.257135 0.0755026
2933 0.159989 0.0773072
2934 0.20884 0.0786283
2935 0.183301 0.0657909
2936 0.292392 0.095982
2937 0.292969 0.113759
2938 0.241495 0.129063
2939 0.299213 0.106482
2940 0.106763 0.145293
2941 0.19418 0.155984
2942 0.201083 0.0836707
2943 0.108373 0.137035
2944 0.109708 0.146206
2945 0.0976759 0.129829
2946 0.171984 0.137429
2947 0.206549 0.111546
2948 0.086037 0.14671
2949 0.162135 0.0708166
2950 0.278243 0.0909726
2951 0.245079 0.107832
2952 0.125186 0.0745686
2953 0.0873125 0.133918
2954 0.234717 0.0578382
2955 0.238909 0.0886801
2956 0.10678 0.143261
2957 0.19604 0.104612
2958 0.261296 0.111622
2959 0.185307 0.0257002
2960 0.108734 0.146128
2961 0.12641 0.0983725
2962 0.197161 0.123482
2963 0.0936756 0.0936056
2964 0.224727 0.152575
2965 0.27918 0.0732935
2966 0.107334 0.146815
2967 0.0980068 0.140526
2968 0.211973 0.173886
2969 0.122466 0.148688
2970 0.311107 0.112578
2971 0.168695 0.192042
2972 0.177814 0.0222353
2973 0.285682 0.105009
2974 0.116844 0.136899
2975 0.202372 0.0181534
2976 0.269139 0.138142
2977 0.082943 0.135905
2978 0.0933499 0.112711
2979 0.23396 0.160026
2980 0.315727 0.0471791
2981 0.08417 0.12447
2982 0.169078 0.0294253
2983 0.169766 0.0703473
2984 0.273596 0.0756005
2985 0.110417 0.163983
2986 0.114508 0.144592
2987 0.077908 0.148537
2988 0.0999106 0.13213
2989 0.273049 0.0949898
2990 0.215929 0.0789049
2991 0.30405 0.111927
2992 0.287467 0.0910283
2993 0.0901322 0.151218
2994 0.0956812 0.144875
2995 0.250854 0.106606
2996 0.242799 0.0933321
2997 0.16259 0.0757118
2998 0.277323 0.0132236
2999 0.195968 0.121786
3000 0.115281 0.136574
3001 0.214521 0.126902
3002 0.245305 0.104558
3003 0.309337 0.293099
3004 0.119551 0.132981
3005 0.246183 0.133881
3006 0.269616 0.0090089
3007 0.253471 0.0922226
3008 0.17569 0.0324285
3009 0.279431 0.0658399
3010 0.127183 0.111455
3011 0.249799 0.143468
3012 0.168336 0.0584198
3013 0.298321 0.0625118
3014 0.089058 0.149343
3015 0.284051 0.0449769
3016 0.291451 0.0814925
3017 0.275159 0.101758
3018 0.235533 0.0969952
3019 0.235282 0.125789
3020 0.209776 0.126848
3021 0.307316 0.114006
3022 0.105607 0.148959
3023 0.11302 0.123152
3024 0.255024 0.075269
3025 0.10074 0.124044
3026 0.0987349 0.138493
3027 0.259454 0.0954036
3028 0.184418 0.0447324
3029 0.0902158 0.145287
3030 0.111227 0.0886875
3031 0.172716 0.00818885
3032 0.242713 0.0539013
3033 0.116984 0.149274
3034 0.254243 0.118907
3035 0.291362 0.0955852
3036 0.113055 0.122933
3037 0.156843 0.0156103
3038 0.27197 0.101572
3039 0.308773 0.0985789
3040 0.10006 0.162115
3041 0.271248 0.0741402
3042 0.0927648 0.120714
3043 0.248794 0.0824155
3044 0.0644472 0.147697
3045 0.0913585 0.0849613
3046 0.264193 0.0883821
3047 0.0971084 0.163371
3048 0.251928 0.0498303
3049 0.278096 0.117241
3050 0.262993 0.0493054
3051 0.276332 0.115874
3052 0.114804 0.134707
3053 0.129328 0.0407059
3054 0.1127 0.140857
3055 0.132691 0.0290451
3056 0.118024 0.143461
3057 0.204368 0.172968
3058 0.300376 0.0551118
3059 0.087916 0.0861026
3060 0.290871 0.104506
3061 0.18705 0.100293
3062 0.229746 0.129682
3063 0.174976 0.056297
3064 0.11689 0.158142
3065 0.115729 0.160991
3066 0.161257 0.059368
3067 0.224087 0.0893691
3068 0.194733 0.109879
3069 0.2225 0.0898153
3070 0.296893 0.107059
3071 0.16899 0.00999652
3072 0.227297 0.092865
3073 0.102305 0.130299
3074 0.132701 0.0290668
3075 0.270057 0.0735275
3076 0.283065 0.115467
3077 0.214791 0.102328
3078 0.127491 0.153998
3079 0.274376 0.137947
3080 0.125697 0.116777
3081 0.216521 0.0895605
3082 0.284572 0.106468
3083 0.151092 0.062913
3084 0.093458 0.131697
3085 0.114546 0.15371
3086 0.209891 0.112307
3087 0.255417 0.0758068
3088 0.293123 0.0502801
3089 0.263719 0.102139
3090 0.106975 0.13766
3091 0.177362 0.0552214
3092 0.112541 0.104092
3093 0.271849 0.0641718
3094 0.317774 0.0546881
3095 0.0980577 0.108607
3096 0.11009 0.161094
3097 0.241042 0.12343
3098 0.112918 0.149474
3099 0.256692 0.0293007
3100 0.2451 0.140287
3101 0.277123 0.12107
3102 0.309162 0.1128
3103 0.205882 0.110356
3104 0.106771 0.130806
3105 0.140945 0.0524421
3106 0.28563 0.095713
3107 0.250245 0.0889904
3108 0.113357 0.163724
3109 0.296111 0.0618205
3110 0.263923 0.0608378
3111 0.267889 0.123807
3112 0.313188 0.0682517
3113 0.282888 0.101363
3114 0.0912268 0.131555
3115 0.283937 0.104567
3116 0.289952 0.0974767
3117 0.173225 0.138675
3118 0.254479 0.119985
3119 0.102179 0.130897
3120 0.287475 0.100091
3121 0.153812 0.0511197
3122 0.117335 0.0470029
3123 0.0853411 0.129371
3124 0.233216 0.106261
3125 0.208721 0.0257659
3126 0.134649 0.0578275
3127 0.142664 0.0232549
3128 0.145979 0.0634909
3129 0.0919838 0.160449
3130 0.074818 0.113322
3131 0.202665 0.00393262
3132 0.297044 0.107915
3133 0.21171 0.0734876
3134 0.226511 0.0141788
3135 0.104933 0.123545
3136 0.243102 0.102328
3137 0.0912551 0.134678
3138 0.246977 0.0533612
3139 0.0761362 0.141738
3140 0.261428 0.0913579
3141 0.130868 0.0399581
3142 0.105858 0.160892
3143 0.0705219 0.111156
3144 0.276307 0.0574102
3145 0.287932 0.105404
3146 0.291912 0.0948089
3147 0.143479 0.0224931
3148 0.290095 0.0818944
3149 0.108891 0.160654
3150 0.275048 0.114748
3151 0.242706 0.0687735
3152 0.287179 0.0987426
3153 0.0661614 0.132754
3154 0.251601 0.107205
3155 0.19371 0.0525522
3156 0.213456 0.060049
3157 0.254153 0.078818
3158 0.0945621 0.1474
3159 0.183327 0.0771848
3160 0.26987 0.117698
3161 0.193415 0.124942
3162 0.233484 0.115465
3163 0.0821143 0.158837
3164 0.190228 0.190902
3165 0.188052 0.180931
3166 0.0835399 0.135535
3167 0.235508 0.0559932
3168 0.217366 0.133916
3169 0.303473 0.112831
3170 0.311084 0.101351
3171 0.24108 0.0653481
3172 0.288891 0.106795
3173 0.267969 0.151727
3174 0.117898 0.14946
3175 0.304641 0.0326879
3176 0.20609 0.0977344
3177 0.230118 0.105984
3178 0.234024 0.106134
3179 0.276155 0.138767
3180 0.214005 0.00271557
3181 0.213496 0.00201304
3182 0.286819 0.127263
3183 0.100169 0.0528062
3184 0.108955 0.132636
3185 0.279386 0.119961
3186 0.231665 0.128382
3187 0.247297 0.060372
3188 0.297843 0.0893209
3189 0.264691 0.0632772
3190 0.223768 0.0440944
3191 0.252558 0.109987
3192 0.284636 0.0638335
3193 0.0878518 0.135637
3194 0.303043 0.0633089
3195 0.114078 0.161997
3196 0.236588 0.0806692
3197 0.250669 0.0462079
3198 0.270542 0.0962337
3199 0.301792 0.0762566
3200 0.128664 0.0411389
3201 0.28323 0.129438
3202 0.11538 0.104387
3203 0.249882 0.0901742
3204 0.283511 0.0873212
3205 0.220692 0.160609
3206 0.306495 0.102263
3207 0.221952 0.107686
3208 0.258947 0.0456379
3209 0.302621 0.0722457
3210 0.224031 0.0786112
3211 0.23875 0.088483
3212 0.294405 0.0819688
3213 0.124213 0.120458
3214 0.2508 0.085148
3215 0.243982 0.0927206
3216 0.162587 0.0283252
3217 0.278263 0.0390719
3218 0.117308 0.0467901
3219 0.250292 0.0861947
3220 0.10321 0.142327
3221 0.238373 0.0642046
3222 0.199577 0.191338
3223 0.222764 0.109722
3224 0.263085 0.105385
3225 0.267828 0.112248
3226 0.107463 0.156693
3227 0.103986 0.0813264
3228 0.130161 0.145303
3229 0.06795 0.141956
3230 0.100167 0.0528089
3231 0.0955523 0.111227
3232 0.104057 0.147154
3233 0.227238 0.115911
3234 0.106514 0.116672
3235 0.312105 0.0549467
3236 0.21477 0.0777549
3237 0.127282 0.120801
3238 0.0845042 0.146003
3239 0.302021 0.110147
3240 0.272016 0.104662
3241 0.195355 0.0900282
3242 0.250848 0.0538616
3243 0.119237 0.124657
3244 0.201143 0.0926867
3245 0.214313 0.187345
3246 0.214562 0.0632574
3247 0.300702 0.111255
3248 0.230865 0.103123
3249 0.269487 0.054708
3250 0.108001 0.170319
3251 0.1929 0.0142895
3252 0.28687 0.105076
3253 0.251745 0.0950187
3254 0.235234 0.0855883
3255 0.249699 0.0653023
3256 0.251288 0.0696304
3257 0.0870905 0.131909
3258 0.268176 0.146883
3259 0.25494 0.0740484
3260 0.293964 0.0772796
3261 0.282395 0.115391
3262 0.30232 0.127419
3263 0.224306 0.149456
3264 0.24212 0.0600815
3265 0.292437 0.126541
3266 0.172926 0.0776407
3267 0.301701 0.0966724
3268 0.109271 0.0432672
3269 0.108351 0.0846723
3270 0.309657 0.0438701
3271 0.126293 0.0373709
3272 0.298114 0.0963604
3273 0.215106 0.104385
3274 0.257571 0.105734
3275 0.226908 0.0650316
3276 0.243417 0.0786821
3277 0.295284 0.0978932
3278 0.223199 0.196807
3279 0.22304 0.099168
3280 0.290248 0.0951272
3281 0.314741 0.0785081
3282 0.231429 0.0154459
3283 0.173776 0.0219028
3284 0.114351 0.155267
3285 0.201517 0.102709
3286 0.122065 0.113629
3287 0.27139 0.112873
3288 0.283554 0.0894001
3289 0.242238 0.144069
3290 0.29753 0.305152
3291 0.276266 0.103712
3292 0.22686 0.0617533
3293 0.101557 0.134976
3294 0.117239 0.111466
3295 0.217553 0.120453
3296 0.263148 0.103206
3297 0.298262 0.114068
3298 0.298845 0.103132
3299 0.278971 0.0893216
3300 0.0801084 0.119592
3301 0.094723 0.163165
3302 0.249601 0.114445
3303 0.12332 0.120809
3304 0.150474 0.148898
3305 0.218679 0.0373851
3306 0.285565 0.0786729
3307 0.253713 0.0563782
3308 0.172965 0.0792067
3309 0.164405 0.0461081
3310 0.151761 0.0795392
3311 0.170471 0.0347032
3312 0.246171 0.0490123
3313 0.267362 0.0733464
3314 0.175282 0.0295824
3315 0.0996739 0.106873
3316 0.31041 0.0944761
3317 0.122969 0.0867951
3318 0.187138 0.0210821
3319 0.254872 0.134301
3320 0.286879 0.111274
3321 0.272636 0.092603
3322 0.139832 0.048663
3323 0.289837 0.0444698
3324 0.117214 0.134222
3325 0.188293 0.0272702
3326 0.211938 0.0930183
3327 0.246962 0.0782568
3328 0.249662 0.114772
3329 0.261366 0.0573356
3330 0.279887 0.0989083
3331 0.250075 0.113938
3332 0.288853 0.117289
3333 0.13611 0.0931807
3334 0.197401 0.0734448
3335 0.270099 0.115158
3336 0.140472 0.0438339
3337 0.266325 0.0653001
3338 0.263158 0.0192917
3339 0.104402 0.153213
3340 0.230472 0.130014
3341 0.247588 0.07589
3342 0.259452 0.101307
3343 0.215076 0.126949
3344 0.285109 0.102053
3345 0.267473 0.0944339
3346 0.232773 0.0978851
3347 0.279465 0.110044
3348 0.109422 0.158383
3349 0.271488 0.0366953
3350 0.279724 0.1218
3351 0.293886 0.100774
3352 0.300604 0.0520721
3353 0.267989 0.0953926
3354 0.117321 0.046894
3355 0.273548 0.12539
3356 0.198113 0.0996578
3357 0.284131 0.0622072
3358 0.278184 0.0489168
3359 0.211708 0.0892079
3360 0.279415 0.0924422
3361 0.207928 0.169376
3362 0.102469 0.132482
3363 0.119429 0.146799
3364 0.107442 0.130951
3365 0.246229 0.0745762
3366 0.231636 0.118547
3367 0.315279 0.0744877
3368 0.177083 0.0560502
3369 0.241986 0.0730367
3370 0.202601 0.0624295
3371 0.19326 0.0890648
3372 0.202432 0.00454574
3373 0.245775 0.0807762
3374 0.224356 0.0602709
3375 0.171375 0.108774
3376 0.248538 0.00805338
3377 0.301113 0.0901287
3378 0.303036 0.10661
3379 0.224553 0.0989614
3380 0.235153 0.0856085
3381 0.30592 0.114348
3382 0.175942 0.0329501
3383 0.223487 0.0513158
3384 0.0922013 0.145889
3385 0.24625 0.113635
3386 0.268116 0.12886
3387 0.106367 0.15364
3388 0.13481 0.103936
3389 0.211144 0.0414973
3390 0.103983 0.116709
3391 0.29559 0.10928
3392 0.0702265 0.132021
3393 0.245559 0.0673578
3394 0.114097 0.114376
3395 0.253277 0.0839246
3396 0.285411 0.123218
3397 0.280623 0.10276
3398 0.176341 0.0838795
3399 0.0959946 0.160335
3400 0.100015 0.119916
3401 0.258239 0.0178394
3402 0.243936 0.0318425
3403 0.263518 0.118044
3404 0.22747 0.116799
3405 0.18757 0.0883628
3406 0.266297 0.116382
3407 0.101921 0.0506654
3408 0.233671 0.0
3409 0.238676 0.130244
3410 0.198835 0.141091
3411 0.271629 0.109478
3412 0.217692 0.125538
3413 0.105096 0.0789311
3414 0.0905054 0.158782
3415 0.244326 0.0970346
3416 0.309966 0.104323
3417 0.104492 0.134274
3418 0.268829 0.0511111
3419 0.292042 0.0932661
3420 0.206407 0.13707
3421 0.275359 0.0695983
3422 0.295882 0.0890076
3423 0.177189 0.0207986
3424 0.226514 0.0348354
3425 0.258275 0.0191437
3426 0.104545 0.140328
3427 0.257731 0.016912
3428 0.0606154 0.134375
3429 0.274984 0.0268174
3430 0.0784898 0.132528
3431 0.247553 0.0743474
3432 0.167109 0.16912
3433 0.0983861 0.131971
3434 0.288453 0.108635
3435 0.0880972 0.143058
3436 0.0618914 0.151463
3437 0.745419 0.35792
3438 0.69075 0.353969
3439 0.816315 0.41043
3440 0.64627 0.330569
3441 0.820887 0.334192
3442 0.761657 0.287389
3443 0.79742 0.416588
3444 0.798034 0.360811
3445 0.834053 0.383548
3446 0.798926 0.267827
3447 0.801023 0.255096
3448 0.677017 0.334155
3449 0.670285 0.343261
3450 0.722757 0.315394
3451 0.850479 0.362385
3452 0.69721 0.285462
3453 0.849882 0.360382
3454 0.653591 0.352584
3455 0.746201 0.269362
3456 0.650168 0.355082
3457 0.71829 0.27794
3458 0.784246 0.460615
3459 0.796084 0.395086
3460 0.792711 0.417208
3461 0.714791 0.296825
3462 0.696637 0.295713
3463 0.766925 0.414024
3464 0.78145 0.404511
3465 0.792167 0.302498
3466 0.796696 0.423273
3467 0.770087 0.302561
3468 0.786976 0.43497
3469 0.772725 0.40418
3470 0.754256 0.292137
3471 0.690217 0.303194
3472 0.753126 0.252243
3473 0.833123 0.408025
3474 0.78549 0.390428
3475 0.688816 0.316283
3476 0.79444 0.297102
3477 0.688242 0.281193
3478 0.811311 0.313767
3479 0.812506 0.340068
3480 0.686929 0.349906
3481 0.811071 0.340042
3482 0.772664 0.265268
3483 0.800073 0.450029
3484 0.702474 0.339585
3485 0.695664 0.292032
3486 0.777105 0.424516
3487 0.62919 0.320402
3488 0.70129 0.309415
3489 0.824236 0.445448
3490 0.812734 0.286189
3491 0.689171 0.336982
3492 0.687697 0.28469
3493 0.786732 0.461873
3494 0.808653 0.385305
3495 0.654483 0.351417
3496 0.705193 0.304706
3497 0.704853 0.307795
3498 0.774961 0.276828
3499 0.794091 0.439901
3500 0.807829 0.31114
3501 0.645762 0.347472
3502 0.800345 0.293754
3503 0.724417 0.299287
3504 0.709313 0.332178
3505 0.748865 0.271321
3506 0.773546 0.439269
3507 0.799857 0.445754
3508 0.775701 0.28519
3509 0.772566 0.442675
3510 0.795063 0.428182
3511 0.769269 0.40224
3512 0.710347 0.308917
3513 0.818745 0.422394
3514 0.704676 0.31946
3515 0.785985 0.392778
3516 0.809872 0.329615
3517 0.676108 0.360388
3518 0.716956 0.310077
3519 0.797493 0.309913
3520 0.700575 0.282153
3521 0.724059 0.291359
3522 0.713023 0.359702
3523 0.810819 0.339963
3524 0.787209 0.437901
3525 0.6429 0.322845
3526 0.730057 0.276954
3527 0.706239 0.320272
3528 0.709118 0.308826
3529 0.789004 0.421879
3530 0.72472 0.306328
3531 0.811608 0.29706
3532 0.7985 0.409046
3533 0.706398 0.324953
3534 0.786908 0.409232
3535 0.796882 0.412401
3536 0.816614 0.298754
3537 0.835951 0.351498
3538 0.830787 0.385885
3539 0.808248 0.419946
3540 0.641729 0.332136
3541 0.83246 0.387978
3542 0.713239 0.324612
3543 0.737551 0.312355
3544 0.765015 0.319277
3545 0.683216 0.325635
3546 0.809999 0.284758
3547 0.723278 0.33624
3548 0.728823 0.28898
3549 0.805817 0.285336
3550 0.637356 0.333271
3551 0.681752 0.27906
3552 0.68345 0.280233
3553 0.752841 0.271438
3554 0.792578 0.403234
3555 0.767043 0.411744
3556 0.635022 0.305788
3557 0.711648 0.320588
3558 0.777963 0.443557
3559 0.704169 0.296258
3560 0.81452 0.346698
3561 0.71208 0.389597
3562 0.809447 0.329363
3563 0.674471 0.302205
3564 0.802519 0.42243
3565 0.715928 0.25131
3566 0.71881 0.337541
3567 0.833489 0.410565
3568 0.771468 0.417323
3569 0.776803 0.423109
3570 0.855438 0.401229
3571 0.793002 0.293168
3572 0.785982 0.390294
3573 0.682516 0.298296
3574 0.703984 0.292803
3575 0.735726 0.329569
3576 0.685593 0.318419
3577 0.645731 0.342257
3578 0.706609 0.307246
3579 0.796168 0.300779
3580 0.79898 0.258315
3581 0.830707 0.339994
3582 0.82087 0.450222
3583 0.799935 0.396919
3584 0.781962 0.436569
3585 0.809184 0.273208
3586 0.670595 0.366969
3587 0.815391 0.323177
3588 0.774434 0.236181
3589 0.752388 0.35388
3590 0.735882 0.287934
3591 0.772885 0.439667
3592 0.658168 0.360785
3593 0.777795 0.433645
3594 0.80997 0.33023
3595 0.833211 0.409723
3596 0.679727 0.325416
3597 0.77669 0.24943
3598 0.766784 0.247654
3599 0.762111 0.27579
3600 0.747999 0.37875
3601 0.775973 0.407203
3602 0.801649 0.426446
3603 0.705761 0.275535
3604 0.70242 0.352365
3605 0.70283 0.312624
3606 0.819686 0.296076
3607 0.7949 0.274524
3608 0.772 0.288595
3609 0.626562 0.353177
3610 0.757868 0.363205
3611 0.68248 0.318385
3612 0.781069 0.378632
3613 0.809867 0.329618
3614 0.802933 0.440026
3615 0.77455 0.294974
3616 0.818256 0.38968
3617 0.774237 0.413368
3618 0.670766 0.321155
3619 0.752513 0.287014
3620 0.788691 0.458654
3621 0.671798 0.398997
3622 0.797227 0.449185
3623 0.780647 0.4381
3624 0.806957 0.27357
3625 0.664078 0.329543
3626 0.699708 0.404502
3627 0.713285 0.305814
3628 0.785865 0.380486
3629 0.752182 0.27619
3630 0.804025 0.428968
3631 0.788326 0.470898
3632 0.819228 0.3092
3633 0.654642 0.340442
3634 0.792222 0.42152
3635 0.704676 0.318109
3636 0.766449 0.276074
3637 0.722099 0.262727
3638 0.818106 0.384927
3639 0.808594 0.326478
3640 0.707935 0.308189
3641 0.809481 0.306783
3642 0.706327 0.327867
3643 0.786622 0.453865
3644 0.776375 0.261536
3645 0.770696 0.40202
3646 0.784459 0.460431
3647 0.818783 0.380637
3648 0.790844 0.448672
3649 0.809982 0.330999
3650 0.852234 0.369519
3651 0.635132 0.336956
3652 0.820764 0.44755
3653 0.835794 0.343612
3654 0.718138 0.315072
3655 0.815788 0.323288
3656 0.667933 0.313117
3657 0.835012 0.396745
3658 0.689536 0.301443
3659 0.751146 0.318678
3660 0.777065 0.354266
3661 0.729555 0.263101
3662 0.804677 0.292553
3663 0.757658 0.250728
3664 0.818642 0.321742
3665 0.822757 0.441891
3666 0.750876 0.247957
3667 0.663159 0.315964
3668 0.80474 0.432682
3669 0.795865 0.279901
3670 0.707909 0.321529
3671 0.801358 0.447994
3672 0.683645 0.315891
3673 0.749238 0.337959
3674 0.661003 0.344038
3675 0.789927 0.290433
3676 0.824415 0.445227
3677 0.655704 0.350553
3678 0.809108 0.3602
3679 0.810746 0.268597
3680 0.777927 0.426563
3681 0.711695 0.279702
3682 0.808868 0.286633
3683 0.670805 0.302428
3684 0.654784 0.333218
3685 0.762465 0.252475
3686 0.70099 0.2726
3687 0.704105 0.324336
3688 0.711245 0.24212
3689 0.732148 0.377495
3690 0.798667 0.437417
3691 0.811445 0.345991
3692 0.635229 0.340903
3693 0.678137 0.330692
3694 0.795792 0.346147
3695 0.810973 0.340013
3696 0.814258 0.317599
3697 0.686888 0.334769
3698 0.770327 0.263835
3699 0.826851 0.432174
3700 0.796755 0.280942
3701 0.78626 0.291041
3702 0.695631 0.310295
3703 0.688818 0.299893
3704 0.762668 0.238351
3705 0.758267 0.351629
3706 0.773051 0.414227
3707 0.690119 0.30466
3708 0.796692 0.302954
3709 0.836945 0.322739
3710 0.758519 0.26539
3711 0.783184 0.454964
3712 0.707447 0.347752
3713 0.764634 0.27693
3714 0.779625 0.417553
3715 0.762216 0.261593
3716 0.813707 0.405254
3717 0.7982 0.301572
3718 0.78126 0.454998
3719 0.788695 0.442563
3720 0.827203 0.326122
3721 0.6428 0.35324
3722 0.755091 0.284597
3723 0.62374 0.329339
3724 0.810475 0.43414
3725 0.829605 0.397203
3726 0.794567 0.394891
3727 0.823542 0.325787
3728 0.758707 0.266291
3729 0.849233 0.372012
3730 0.716171 0.317652
3731 0.696919 0.311712
3732 0.826121 0.365534
3733 0.814945 0.364281
3734 0.671299 0.338641
3735 0.755403 0.260582
3736 0.689343 0.290321
3737 0.700132 0.310149
3738 0.793307 0.407765
3739 0.830401 0.407936
3740 0.766747 0.274951
3741 0.628383 0.329714
3742 0.805044 0.362293
3743 0.83232 0.396692
3744 0.80052 0.297877
3745 0.819416 0.306707
3746 0.853326 0.382957
3747 0.790521 0.306793
3748 0.855459 0.401109
3749 0.831757 0.351965
3750 0.642833 0.331509
3751 0.838602 0.341565
3752 0.80007 0.408014
3753 0.764231 0.264827
3754 0.80057 0.452048
3755 0.699906 0.281618
3756 0.656209 0.322854
3757 0.793915 0.298549
3758 0.785947 0.430171
3759 0.792546 0.314058
3760 0.702852 0.344334
3761 0.799588 0.418425
3762 0.700679 0.295914
3763 0.792769 0.406383
3764 0.785638 0.413629
3765 0.755057 0.319348
3766 0.821668 0.331908
3767 0.782303 0.382566
3768 0.789459 0.426099
3769 0.749037 0.251348
3770 0.790606 0.394386
3771 0.804787 0.351447
3772 0.738022 0.324967
3773 0.754678 0.257066
3774 0.792953 0.294627
3775 0.760728 0.341032
3776 0.807192 0.311596
3777 0.796951 0.441572
3778 0.759296 0.252625
3779 0.697539 0.358357
3780 0.681993 0.342722
3781 0.824021 0.458392
3782 0.781111 0.412316
3783 0.814116 0.312523
3784 0.764067 0.420702
3785 0.691821 0.295139
3786 0.780352 0.442821
3787 0.838931 0.330869
3788 0.703964 0.346806
3789 0.836722 0.343202
3790 0.703817 0.307994
3791 0.805489 0.314326
3792 0.791479 0.468867
3793 0.779018 0.427
3794 0.77389 0.422825
3795 0.712175 0.272959
3796 0.696618 0.342683
3797 0.63875 0.360706
3798 0.837069 0.323063
3799 0.79693 0.379767
3800 0.68728 0.325482
3801 0.814934 0.28746
3802 0.777889 0.284879
3803 0.782097 0.416841
3804 0.691189 0.324185
3805 0.734222 0.308955
3806 0.800894 0.253298
3807 0.84664 0.352427
3808 0.825013 0.31138
3809 0.808611 0.319024
3810 0.778811 0.438577
3811 0.823172 0.296428
3812 0.810152 0.325886
3813 0.796816 0.281253
3814 0.805472 0.273155
3815 0.758086 0.264113
3816 0.807287 0.397619
3817 0.678787 0.293322
3818 0.79106 0.405798
3819 0.833549 0.408936
3820 0.852149 0.37081
3821 0.794009 0.418657
3822 0.778493 0.427599
3823 0.802691 0.432979
3824 0.690646 0.319673
3825 0.796413 0.411389
3826 0.780207 0.432273
3827 0.759514 0.241022
3828 0.685116 0.314401
3829 0.78945 0.418325
3830 0.712515 0.331179
3831 0.684136 0.310448
3832 0.712212 0.290679
3833 0.771615 0.445358
3834 0.806089 0.45008
3835 0.768204 0.277102
3836 0.787826 0.325133
3837 0.791883 0.316115
3838 0.693396 0.313831
3839 0.732518 0.363899
3840 0.758722 0.247429
3841 0.666288 0.34164
3842 0.672077 0.323244
3843 0.80288 0.443572
3844 0.815671 0.398709
3845 0.710634 0.305137
3846 0.851881 0.384547
3847 0.730366 0.346892
3848 0.823617 0.372486
3849 0.798409 0.361122
3850 0.760111 0.257598
3851 0.651554 0.331976
3852 0.679642 0.303136
3853 0.84718 0.423185
3854 0.840158 0.356348
3855 0.794866 0.425755
3856 0.844279 0.354117
3857 0.834668 0.398407
3858 0.692617 0.329019
3859 0.791371 0.367957
3860 0.700835 0.32396
3861 0.708499 0.374933
3862 0.760714 0.261421
3863 0.80617 0.271851
3864 0.794426 0.277072
3865 0.769885 0.243533
3866 0.782768 0.431281
3867 0.769723 0.285843
3868 0.832865 0.404748
3869 0.76459 0.413506
3870 0.78848 0.426864
3871 0.835688 0.389364
3872 0.644139 0.36066
3873 0.661261 0.330011
3874 0.83355 0.397155
3875 0.847879 0.395637
3876 0.770599 0.259742
3877 0.651402 0.325108
3878 0.804411 0.456038
3879 0.839988 0.358975
3880 0.725984 0.312066
3881 0.792133 0.439758
3882 0.812636 0.467897
3883 0.810983 0.340016
3884 0.676141 0.324569
3885 0.83744 0.320538
3886 0.636884 0.321038
3887 0.823583 0.374156
3888 0.719651 0.349836
3889 0.686893 0.337903
3890 0.800222 0.461973
3891 0.705016 0.299213
3892 0.833022 0.3926
3893 0.804943 0.375832
3894 0.80812 0.265685
3895 0.799012 0.407724
3896 0.78065 0.450215
3897 0.763554 0.253055
3898 0.807099 0.324441
3899 0.789386 0.277239
3900 0.774197 0.441053
3901 0.815471 0.310628
3902 0.694228 0.32067
3903 0.791705 0.463695
3904 0.797159 0.382229
3905 0.800013 0.260107
3906 0.778999 0.426484
3907 0.772537 0.285088
3908 0.722056 0.283426
3909 0.78341 0.436847
3910 0.789818 0.269961
3911 0.794452 0.277187
3912 0.83363 0.398564
3913 0.723919 0.310465
3914 0.780814 0.37086
3915 0.780194 0.395791
3916 0.744208 0.340212
3917 0.832626 0.409182
3918 0.796828 0.333737
3919 0.808635 0.326336
3920 0.815779 0.323018
3921 0.766346 0.277883
3922 0.826385 0.30527
3923 0.836028 0.341348
3924 0.778915 0.434934
3925 0.696196 0.259146
3926 0.697107 0.310416
3927 0.790442 0.415805
3928 0.716782 0.263842
3929 0.67774 0.305105
3930 0.702743 0.324392
3931 0.794782 0.422087
3932 0.815393 0.407368
3933 0.802163 0.328088
3934 0.721024 0.295956
3935 0.851353 0.383752
3936 0.761466 0.241288
3937 0.798191 0.432368
3938 0.674337 0.331723
3939 0.80284 0.255888
3940 0.70955 0.292031
3941 0.769324 0.344663
3942 0.789552 0.366566
3943 0.637255 0.336157
3944 0.680868 0.298535
3945 0.790695 0.410867
3946 0.823837 0.458597
3947 0.777964 0.440916
3948 0.652843 0.334028
3949 0.816361 0.302012
3950 0.711536 0.338597
3951 0.7773 0.450113
3952 0.821621 0.421541
3953 0.799913 0.345462
3954 0.811389 0.365061
3955 0.814746 0.464493
3956 0.792435 0.398728
3957 0.787837 0.301342
3958 0.790991 0.446666
3959 0.784195 0.251331
3960 0.799559 0.315926
3961 0.617314 0.320615
3962 0.646323 0.345114
3963 0.811536 0.270094
3964 0.798027 0.341867
3965 0.789809 0.264762
3966 0.681464 0.316221
3967 0.803063 0.336527
3968 0.666525 0.331868
3969 0.779442 0.455013
3970 0.716753 0.27928
3971 0.672794 0.323937
3972 0.800332 0.421969
3973 0.785047 0.461422
3974 0.853646 0.384505
3975 0.7971 0.302388
3976 0.777499 0.456382
3977 0.773998 0.246652
3978 0.741384 0.33642
3979 0.721452 0.359484
3980 0.530845 0.938838
3981 0.552346 0.975253
3982 0.548002 0.969986
3983 0.591533 0.953303
3984 0.593927 0.978155
3985 0.537443 0.962415
3986 0.563739 0.961089
3987 0.5556 0.993483
3988 0.561658 0.966732
3989 0.4701 0.867483
3990 0.583006 0.983384
3991 0.484845 0.943128
3992 0.59378 0.966155
3993 0.531958 0.968823
3994 0.541049 0.979144
3995 0.546284 0.962565
3996 0.519268 0.992257
3997 0.550307 0.971358
3998 0.535743 0.975767
3999 0.531992 0.983145
4000 0.576437 0.961107
4001 0.567465 0.988037
4002 0.504381 0.965241
4003 0.559807 0.973283
4004 0.513569 0.957576
4005 0.516077 0.986259
4006 0.501665 0.979256
4007 0.573872 0.987605
4008 0.594521 0.977342
4009 0.547036 0.977787
4010 0.528413 0.999962
4011 0.465215 0.839246
4012 0.55486 0.993682
4013 0.494441 0.940116
4014 0.535814 0.970077
4015 0.595647 0.97626
4016 0.582997 0.983349
4017 0.572311 0.956759
4018 0.547713 0.975379
4019 0.564722 0.972679
4020 0.505391 0.961472
4021 0.560794 0.963909
4022 0.52836 0.999972
4023 0.524275 0.961498
4024 0.528201 1.0
4025 0.573932 0.987557
4026 0.568311 0.957812
4027 0.494025 0.963003
4028 0.537479 0.993751
4029 0.555355 0.993678
4030 0.546719 0.966131
4031 0.483744 0.882151
4032 0.504236 0.991897
4033 0.578784 0.968839
4034 0.524008 0.982661
4035 0.542842 0.996107
4036 0.56145 0.981548
4037 0.520685 0.982328
4038 0.499882 0.940982
