1 0.4098360655737705
2 0.4098360655737705
3 0.43859649122807015
4 0.390625
5 0.32894736842105265
6 0.32051282051282054
7 0.2976190476190476
8 0.2976190476190476
9 0.29411764705882354
10 0.29411764705882354
11 0.25
12 0.25
13 0.24509803921568626
14 0.25
15 0.20161290322580644
16 0.4098360655737705
17 0.29411764705882354
18 0.29411764705882354
19 0.29411764705882354
20 0.29411764705882354
21 0.29411764705882354
22 0.29411764705882354
23 0.31645569620253167
24 0.25252525252525254
25 0.2032520325203252
26 0.2032520325203252
