1 0.725176544696 0.792564462508
2 0.829616976615 0.496019412094
3 0.562680495976 0.610073305766
4 0.807383286032 0.588318103106
5 0.974010328673 0.584209454649
6 0.850649461495 0.263671063193
7 0.749939356934 0.921739154084
8 0.558189046525 0.984430664813
9 0.429783580877 1.0
10 0.653810694282 0.975083745277
11 0.945483434748 0.710279422672
12 0.975676243871 0.379227097434
13 0.82072526823 0.12650928332
14 0.648131313553 0.0619886070854
15 0.385517153172 0.0148886713169
16 0.172798017474 0.554495860333
17 0.235905701877 0.377578308302
18 0.142549143529 0.229810538108
19 0.14961980105 0.865394596093
20 0.0 0.626690818242
21 0.0421254120858 0.501884146348
22 0.0592689803245 0.759532916736
23 0.0545171399443 0.253176840053
24 0.196702501075 0.103171277404
25 0.461732025798 0.0
26 0.0137731475395 0.336398710985
