0 0.889166 0.926251
1 0.128234 0.611066
2 0.83334 0.879646
3 0.254421 0.458598
4 0.294176 0.607582
5 0.531114 0.571635
6 0.528747 0.601721
7 0.24471 0.341728
8 0.314975 0.315613
9 0.324669 0.60952
10 0.323401 0.343125
11 0.92869 0.965427
12 0.822473 0.926475
13 0.250025 0.731137
14 0.73776 0.697694
15 0.184659 0.0
16 0.344087 0.328432
17 0.083568 0.780605
18 0.423003 0.449537
19 0.188047 0.00873435
20 0.640159 0.72548
21 0.367901 0.691131
22 0.341582 0.590012
23 0.368213 0.369131
24 0.340997 0.651939
25 0.139997 0.203036
26 0.266383 0.728482
27 0.478476 0.572663
28 0.237936 0.709182
29 0.766576 0.693881
30 0.328 0.490495
31 0.335523 0.628641
32 0.553803 0.595546
33 0.247117 0.379217
34 0.744396 0.489745
35 0.829246 0.777831
36 0.389375 0.409649
37 0.201124 0.183164
38 0.2827 0.729671
39 0.671095 0.604836
40 0.418075 0.39322
41 0.508697 0.602972
42 0.164245 0.502854
43 0.568837 0.569961
44 0.129071 0.0778551
45 0.234717 0.024359
46 0.288253 0.169506
47 0.592006 0.650805
48 0.452824 0.361587
49 0.731057 0.51313
50 0.14417 0.742864
51 0.417978 0.401336
52 0.0373384 0.873154
53 0.416615 0.635207
54 0.710421 0.511398
55 0.762016 0.688435
56 0.275887 0.226899
57 0.160929 0.700384
58 0.688679 0.647666
59 0.303237 0.277885
60 0.618594 0.631092
61 0.251171 0.676532
62 0.813998 0.680076
63 0.580889 0.716861
64 0.362605 0.376185
65 0.601054 0.56257
66 0.513203 0.553624
67 0.10071 0.714504
68 0.707632 0.650875
69 0.555331 0.54931
70 0.550059 0.642349
71 0.246273 0.155986
72 0.300342 0.713211
73 0.00682753 0.910482
74 0.569376 0.593728
75 0.189413 0.43539
76 0.731002 0.500627
77 0.219623 0.679628
78 0.301889 0.196971
79 0.333541 0.25359
80 0.335085 0.467922
81 0.328322 0.708197
82 0.416163 0.399657
83 0.687031 0.483245
84 0.377051 0.567297
85 0.724007 0.786687
86 0.136115 0.770987
87 0.813837 0.819936
88 0.690401 0.580938
89 0.0167499 1.0
90 0.609826 0.605293
91 0.290747 0.340294
92 0.0530042 0.905813
93 0.2505 0.716911
94 0.604213 0.631929
95 0.361604 0.337629
96 0.266463 0.484746
97 0.206699 0.127691
98 0.854899 0.787142
99 0.402552 0.339715
100 0.0644461 0.898774
101 0.340208 0.703627
102 0.301107 0.184651
103 0.687326 0.44823
104 0.922388 0.72427
105 0.703096 0.549946
106 0.250948 0.365664
107 0.538634 0.572142
108 0.174726 0.458293
109 0.352264 0.417867
110 0.273474 0.169682
111 0.787826 0.681305
112 0.635198 0.41631
113 0.422148 0.478094
114 0.750853 0.781296
115 0.154101 0.209652
116 0.576386 0.615586
117 0.261298 0.516346
118 0.391376 0.416729
119 0.107164 0.732005
120 0.297451 0.243746
121 0.697244 0.468746
122 0.234368 0.33727
123 0.740895 0.651023
124 0.0342311 0.850581
125 0.877361 0.877537
126 0.24392 0.489527
127 0.323068 0.617479
128 0.576334 0.567949
129 0.368801 0.315948
130 0.219707 0.421177
131 0.536141 0.459599
132 0.368261 0.584064
133 0.00707422 0.877326
134 0.0535325 0.897017
135 0.501269 0.55376
136 0.824005 0.70192
137 0.319488 0.235783
138 0.280332 0.716272
139 0.320648 0.252994
140 0.186903 0.678607
141 0.206488 0.455845
142 0.694655 0.523031
143 0.915109 0.831556
144 0.600551 0.747814
145 0.0713978 0.809994
146 0.627869 0.476329
147 0.193718 0.307532
148 0.608943 0.552412
149 0.164286 0.660006
150 0.382193 0.689162
151 0.565506 0.630364
152 0.291717 0.261576
153 0.574515 0.635061
154 0.10624 0.044212
155 0.383824 0.346884
156 0.299487 0.173486
157 0.353251 0.281408
158 0.346353 0.397447
159 0.293496 0.107651
160 0.411455 0.504307
161 0.591324 0.516013
162 0.180074 0.484545
163 0.154372 0.72351
164 0.772383 0.75975
165 0.408334 0.529008
166 0.302612 0.167696
167 0.18118 0.30787
168 0.877817 0.750398
169 0.421296 0.455953
170 0.153095 0.687011
171 0.639429 0.591226
172 0.753419 0.800334
173 0.565959 0.561387
174 0.148105 0.5938
175 0.270174 0.227211
176 0.0604099 0.819956
177 0.675274 0.608397
178 0.492375 0.496205
179 0.63893 0.631763
180 0.207176 0.562006
181 0.696547 0.796957
182 0.388467 0.441992
183 0.460001 0.508592
184 0.549814 0.645162
185 0.489836 0.480845
186 0.769038 0.728836
187 0.687884 0.624786
188 0.195134 0.750089
189 0.326297 0.421396
190 0.788937 0.659995
191 0.355788 0.398877
192 0.316579 0.415141
193 0.861687 0.931449
194 0.314112 0.427215
195 0.376041 0.446735
196 0.647046 0.435562
197 0.721541 0.765679
198 0.280087 0.581252
199 0.381559 0.371742
200 0.112804 0.133849
201 0.720839 0.592117
202 0.635602 0.48588
203 0.177268 0.0404797
204 0.160523 0.50479
205 0.561046 0.69918
206 0.801835 0.587478
207 0.866888 0.698502
208 0.334893 0.288582
209 0.337466 0.672777
210 0.431247 0.388445
211 0.302734 0.42585
212 0.321913 0.205303
213 0.337721 0.290949
214 0.831235 0.883425
215 0.67749 0.746273
216 0.174062 0.0460787
217 0.651992 0.501584
218 0.20641 0.24707
219 0.405571 0.394326
220 0.390317 0.34362
221 0.234853 0.124329
222 0.287756 0.479362
223 0.107447 0.804187
224 0.38842 0.508993
225 0.124717 0.0161173
226 0.319167 0.441972
227 0.243528 0.554385
228 0.086214 0.799202
229 0.749921 0.817824
230 0.370467 0.585559
231 0.272966 0.248013
232 0.626715 0.549423
233 0.705349 0.59845
234 0.720406 0.653806
235 0.0332199 0.910502
236 0.668206 0.529613
237 0.110171 0.667141
238 0.20304 0.179326
239 0.672343 0.64093
240 0.863211 0.921106
241 0.406939 0.356498
242 0.311982 0.53913
243 0.674751 0.642529
244 0.161997 0.508343
245 0.0347315 0.872765
246 0.721521 0.648159
247 0.143815 0.211863
248 0.419067 0.391255
249 0.622129 0.581729
250 0.328436 0.662023
251 0.749497 0.808012
252 0.710598 0.447514
253 0.747743 0.844697
254 0.830044 0.771036
255 0.341801 0.705867
256 0.306029 0.182281
257 0.207592 0.528804
258 0.26692 0.721095
259 0.658791 0.753112
260 0.72683 0.45227
261 0.266956 0.639858
262 0.229555 0.530835
263 0.503295 0.489861
264 0.602807 0.466449
265 0.204057 0.71556
266 0.606367 0.589845
267 0.202772 0.614446
268 0.464801 0.562573
269 0.840721 0.82115
270 0.859329 0.859252
271 0.325445 0.290075
272 0.294213 0.242074
273 0.130137 0.0287585
274 0.148354 0.541407
275 0.349364 0.283432
276 0.0986033 0.753422
277 0.820725 0.686263
278 0.267753 0.417672
279 0.573758 0.384508
280 0.438509 0.426215
281 0.616628 0.642223
282 0.128927 0.717265
283 0.272471 0.630673
284 0.840404 0.889454
285 0.149172 0.591128
286 0.175646 0.0298976
287 0.10956 0.800884
288 0.503888 0.362503
289 0.360788 0.396015
290 0.00916116 0.8742
291 0.217587 0.666624
292 0.474218 0.499701
293 0.427059 0.444363
294 0.502458 0.634639
295 0.276425 0.499076
296 0.370546 0.576008
297 0.537402 0.398178
298 0.874351 0.721323
299 0.139176 0.600981
300 0.663689 0.567835
301 0.221758 0.75182
302 0.886566 0.734276
303 0.323771 0.223699
304 0.605837 0.61929
305 0.233054 0.0507461
306 0.780496 0.749412
307 0.551562 0.683748
308 0.0677893 0.788648
309 0.0166765 0.985214
310 0.496727 0.594907
311 0.0296673 0.788514
312 0.635921 0.424072
313 0.300676 0.235648
314 0.718005 0.789588
315 0.0672404 0.794747
316 0.567216 0.627715
317 0.512882 0.391386
318 0.0503804 0.934799
319 0.624378 0.411933
320 0.133317 0.567001
321 0.855587 0.676057
322 0.885404 0.869535
323 0.504627 0.523002
324 0.903617 0.891765
325 0.397939 0.35513
326 0.0507908 0.842669
327 0.155779 0.711523
328 0.573855 0.638972
329 0.474606 0.493776
330 0.535518 0.60337
331 0.153011 0.529809
332 0.711206 0.675666
333 0.524623 0.656289
334 0.258789 0.278102
335 0.442366 0.37796
336 0.290957 0.72467
337 0.579121 0.668141
338 0.475019 0.551726
339 0.412539 0.461762
340 0.468984 0.454422
341 0.130527 0.793829
342 0.819838 0.912136
343 0.0842616 0.740191
344 0.173679 0.229072
345 0.0202327 0.843953
346 0.104104 0.702573
347 0.811747 0.833211
348 0.421643 0.375362
349 0.13376 0.606022
350 0.326693 0.703606
351 0.642248 0.638846
352 0.270428 0.241842
353 0.219415 0.696457
354 0.582574 0.655787
355 0.156825 0.455603
356 0.481118 0.46758
357 0.920148 0.695685
358 0.177446 0.449927
359 0.234499 0.240705
360 0.477941 0.504598
361 0.386404 0.328494
362 0.785357 0.761723
363 0.602471 0.685671
364 0.321371 0.714275
365 0.313425 0.161058
366 0.422393 0.347798
367 0.220502 0.0948723
368 0.280678 0.383665
369 0.61186 0.538408
370 0.830155 0.719033
371 0.30374 0.169709
372 0.472793 0.431867
373 0.476578 0.419936
374 0.0594013 0.848104
375 0.14744 0.544063
376 0.133273 0.625688
377 0.0130944 0.853578
378 0.482168 0.566137
379 0.475556 0.613638
380 0.0 0.886902
381 0.24705 0.388006
382 0.375024 0.386386
383 0.0988821 0.737471
384 0.427851 0.481331
385 0.325474 0.289768
386 0.2198 0.0480003
387 0.21995 0.746176
388 0.603495 0.698333
389 0.227843 0.339242
390 0.745435 0.637963
391 0.0613134 0.833613
392 0.358561 0.481854
393 0.412794 0.391608
394 0.100074 0.725432
395 0.303603 0.176457
396 0.854175 0.890414
397 0.0983891 0.784157
398 0.419891 0.54556
399 0.342779 0.431191
400 0.131109 0.724966
401 0.247222 0.0932578
402 0.751812 0.630625
403 0.152334 0.73805
404 0.528624 0.608719
405 0.149255 0.536905
406 0.131598 0.624368
407 0.244112 0.138961
408 0.4366 0.517199
409 0.238226 0.601706
410 0.319568 0.323322
411 0.164216 0.751451
412 0.239861 0.590711
413 0.903961 0.654696
414 0.0162124 0.918405
415 0.0159585 0.923614
416 0.201137 0.579108
417 0.894848 0.66001
418 0.535798 0.549489
419 0.142753 0.616118
420 0.550769 0.392136
421 0.393763 0.51989
422 0.430511 0.55928
423 0.429722 0.547121
424 0.0194788 0.895423
425 0.241881 0.486354
426 0.266197 0.66118
427 0.355247 0.693426
428 0.247249 0.327245
429 0.196271 0.259888
430 0.35649 0.437686
431 0.49266 0.431318
432 0.170071 0.733748
433 0.48502 0.488887
434 0.52478 0.465964
435 0.28985 0.628357
436 0.460199 0.503141
437 0.645928 0.642306
438 0.51964 0.410451
439 0.0634589 0.831303
440 0.197849 0.761334
441 0.311359 0.207359
442 0.475575 0.478815
443 0.139213 0.616015
444 0.199322 0.161311
445 0.266078 0.378079
446 0.578388 0.754759
447 0.766648 0.658852
448 0.17213 0.450509
449 0.166235 0.49617
450 0.591875 0.599048
451 0.855463 0.676241
452 0.927379 0.98021
453 0.103754 0.692248
454 0.373216 0.534796
455 0.270118 0.732931
456 0.562848 0.657557
457 0.682649 0.793022
458 0.634602 0.643319
459 0.59514 0.583675
460 0.905414 0.9091
461 0.897025 0.695845
462 0.0193533 0.84108
463 0.773993 0.817209
464 0.187034 0.634753
465 0.332343 0.519217
466 0.0493677 0.856086
467 0.336366 0.26685
468 0.727127 0.784478
469 0.924214 0.970537
470 0.120432 0.794544
471 0.0545547 0.817726
472 0.163815 0.661359
473 0.336063 0.439999
474 0.629578 0.675426
475 0.691706 0.830164
476 0.13358 0.610899
477 0.13319 0.564653
478 0.206755 0.678107
479 0.735385 0.83521
480 0.617644 0.612215
481 0.341539 0.698927
482 0.31131 0.169227
483 0.471113 0.522151
484 0.181768 0.0950562
485 0.524892 0.652754
486 0.741651 0.68692
487 0.716619 0.773483
488 0.788796 0.697828
489 0.0523168 0.823446
490 0.151618 0.666824
491 0.412105 0.656313
492 0.303424 0.151248
493 0.36018 0.502987
494 0.780252 0.523171
495 0.336871 0.652268
496 0.312236 0.655504
497 0.328585 0.364676
498 0.649393 0.785281
499 0.857771 0.877266
500 0.229576 0.745625
501 0.396274 0.411562
502 0.139204 0.112406
503 0.234652 0.132019
504 0.194083 0.315345
505 0.0227122 0.947132
506 0.48964 0.622505
507 0.787726 0.823177
508 0.383101 0.555022
509 0.256359 0.562101
510 0.596726 0.631872
511 0.245892 0.203237
512 0.765522 0.867745
513 0.102762 0.781885
514 0.199528 0.421607
515 0.725473 0.690024
516 0.665162 0.630669
517 0.79259 0.550605
518 0.258579 0.278088
519 0.159421 0.155877
520 0.237023 0.385222
521 0.168873 0.715982
522 0.250711 0.294932
523 0.501525 0.580616
524 0.885015 0.79895
525 0.357183 0.610136
526 0.75275 0.702378
527 0.211908 0.362029
528 0.225115 0.708071
529 0.0279056 0.870586
530 0.588066 0.455788
531 0.804188 0.704668
532 0.144968 0.0459316
533 0.188582 0.729917
534 0.304547 0.161773
535 0.253245 0.294578
536 0.774029 0.811157
537 0.700186 0.468927
538 0.453494 0.664655
539 0.278904 0.67668
540 0.92846 0.735387
541 0.273644 0.371436
542 0.399079 0.37356
543 0.882009 0.918006
544 0.462841 0.612044
545 0.432544 0.491709
546 0.0503563 0.934791
547 0.300438 0.484195
548 0.321556 0.311828
549 0.202331 0.591159
550 0.10945 0.71516
551 0.389655 0.332101
552 0.447231 0.483196
553 0.603593 0.575541
554 0.574632 0.684863
555 0.802243 0.715142
556 0.520856 0.571719
557 0.306504 0.676459
558 0.613353 0.684638
559 0.139074 0.588967
560 0.861278 0.943096
561 0.293595 0.105398
562 0.337013 0.66935
563 0.2603 0.362907
564 0.273047 0.122046
565 0.652164 0.453427
566 0.706774 0.649714
567 0.138467 0.661305
568 0.88216 0.954274
569 0.302345 0.210911
570 0.395082 0.310413
571 0.901123 0.738459
572 0.297862 0.604889
573 0.239895 0.671818
574 0.0102402 0.982854
575 0.936788 0.716665
576 0.355725 0.591137
577 0.706324 0.651009
578 0.256777 0.384044
579 0.391045 0.32613
580 0.333029 0.393087
581 0.376142 0.436244
582 0.870681 0.868683
583 0.849258 0.727329
584 0.374901 0.289095
585 0.292843 0.155799
586 0.29484 0.232536
587 0.545365 0.660817
588 0.815335 0.760743
589 0.838758 0.873777
590 0.44302 0.37755
591 0.54913 0.592849
592 0.325736 0.418682
593 0.703608 0.855832
594 0.214547 0.604541
595 0.852867 0.866676
596 0.198721 0.758418
597 0.43367 0.464839
598 0.556452 0.550012
599 0.103177 0.67764
600 0.622028 0.632709
601 0.618177 0.420052
602 0.309637 0.198953
603 0.906095 0.924155
604 0.167001 0.697997
605 0.877968 0.852276
606 0.104018 0.681852
607 0.179868 0.498511
608 0.352697 0.658771
609 0.795774 0.692886
610 0.188056 0.00873553
611 0.854703 0.940962
612 0.513356 0.488723
613 0.288204 0.266929
614 0.241996 0.217023
615 0.0365403 0.925749
616 0.421437 0.381446
617 0.253565 0.655814
618 0.662202 0.541837
619 0.551111 0.588305
620 0.346713 0.271865
621 0.330551 0.298776
622 0.0885379 0.767973
623 0.159294 0.17753
624 0.0643912 0.8106
625 0.905404 0.909088
626 0.820868 0.89341
627 0.0335517 0.970487
628 0.0758298 0.82954
629 0.163626 0.508644
630 0.211302 0.382421
631 0.690484 0.473828
632 0.209652 0.30946
633 0.154868 0.530382
634 0.42541 0.313282
635 0.450813 0.434231
636 0.817629 0.740693
637 0.132002 0.630835
638 0.286308 0.598229
639 0.353792 0.362801
640 0.122216 0.735979
641 0.0350246 0.943209
642 0.197412 0.413514
643 0.278532 0.179663
644 0.164965 0.508582
645 0.366339 0.304231
646 0.680645 0.468119
647 0.69783 0.736205
648 0.284636 0.134039
649 0.300327 0.601092
650 0.070144 0.749361
651 0.103624 0.761099
652 0.139444 0.179931
653 0.163957 0.122776
654 0.268141 0.578881
655 0.724052 0.708365
656 0.164342 0.766153
657 0.575372 0.602361
658 0.694281 0.828186
659 0.194001 0.294628
660 0.360265 0.544199
661 0.353989 0.364254
662 0.634062 0.415846
663 0.615757 0.710903
664 0.302579 0.203269
665 0.776607 0.859423
666 0.289347 0.220718
667 0.131268 0.718856
668 0.177067 0.76863
669 0.0477428 0.834888
670 0.278262 0.398861
671 0.606916 0.56853
672 0.399254 0.508573
673 0.599708 0.42477
674 0.279548 0.240899
675 0.362052 0.38386
676 0.707955 0.503566
677 0.710934 0.449497
678 0.314178 0.548976
679 0.210278 0.755502
680 0.636545 0.729939
681 0.523716 0.621327
682 0.241066 0.0322015
683 0.611565 0.67294
684 0.181442 0.307553
685 0.326325 0.491692
686 0.584641 0.602635
687 0.51263 0.523087
688 0.275653 0.540071
689 0.578113 0.429073
690 0.27575 0.104025
691 0.730074 0.487808
692 0.302206 0.472824
693 0.235505 0.377536
694 0.633378 0.620283
695 0.259304 0.419635
696 0.496403 0.623947
697 0.202777 0.684812
698 0.432899 0.406773
699 0.0189738 0.895218
700 0.393465 0.404341
701 0.413115 0.413033
702 0.534395 0.628673
703 0.29247 0.343868
704 0.431963 0.428568
705 0.254085 0.682102
706 0.384996 0.575681
707 0.37667 0.412725
708 0.389736 0.660783
709 0.192869 0.665401
710 0.0378295 0.951667
711 0.742586 0.753268
712 0.842838 0.751423
713 0.154838 0.663225
714 0.411245 0.682899
715 0.103648 0.0256235
716 0.444361 0.635524
717 0.406849 0.3713
718 0.189263 0.28915
719 0.290321 0.199168
720 0.820833 0.683871
721 0.580957 0.646037
722 0.203692 0.66779
723 0.336025 0.676366
724 0.343022 0.452915
725 0.316302 0.186758
726 0.0210312 0.946398
727 0.327578 0.317532
728 0.440282 0.479544
729 0.414968 0.506209
730 0.834974 0.722998
731 0.569569 0.619662
732 0.222245 0.319593
733 0.166397 0.548568
734 0.415664 0.450591
735 0.875599 0.926249
736 0.284832 0.170342
737 0.302705 0.192449
738 0.580902 0.596263
739 0.0494285 0.886277
740 0.465742 0.607628
741 0.813383 0.815927
742 0.0985075 0.735571
743 0.332048 0.696548
744 0.0482967 0.833872
745 0.621097 0.584435
746 0.318206 0.586049
747 0.390737 0.633344
748 0.662224 0.660012
749 0.504293 0.408862
750 0.303622 0.473917
751 0.30961 0.716838
752 0.873268 0.790655
753 0.374639 0.694315
754 0.0329097 0.861663
755 0.15132 0.725202
756 0.245547 0.389383
757 0.261213 0.481975
758 0.694229 0.546254
759 0.705803 0.666324
760 0.745298 0.58724
761 0.307392 0.60003
762 0.357783 0.656583
763 0.39647 0.443655
764 0.0676529 0.82444
765 0.0314638 0.819783
766 0.456945 0.373265
767 0.255634 0.686561
768 0.535238 0.56999
769 0.186754 0.436925
770 0.205568 0.64785
771 0.212067 0.373738
772 0.833765 0.746758
773 0.157187 0.249748
774 0.814783 0.818696
775 0.535745 0.643304
776 0.443499 0.421435
777 0.766831 0.600788
778 0.340038 0.249701
779 0.576833 0.577692
780 0.137779 0.172957
781 0.644263 0.636947
782 0.657939 0.786478
783 0.203082 0.683697
784 0.239658 0.0417969
785 0.10624 0.0442096
786 0.478728 0.482638
787 0.526183 0.652324
788 0.570967 0.630904
789 0.375122 0.478034
790 0.371887 0.316851
791 0.233343 0.318692
792 0.283109 0.607569
793 0.181896 0.226687
794 0.481445 0.585604
795 0.52475 0.704998
796 0.680712 0.439268
797 0.37819 0.374924
798 0.54958 0.536756
799 0.0875764 0.794471
800 0.276098 0.703539
801 0.0126509 0.914373
802 0.684864 0.64182
803 0.694518 0.858558
804 0.127051 0.649073
805 0.341003 0.301803
806 0.581374 0.609852
807 0.775664 0.868692
808 0.229861 0.73976
809 0.834067 0.742681
810 0.473044 0.392006
811 0.903945 0.654455
812 0.355516 0.3668
813 0.205189 0.701867
814 0.253133 0.634676
815 0.832543 0.673789
816 0.812366 0.820845
817 0.421624 0.398966
818 0.443442 0.462853
819 0.0742899 0.788462
820 0.319751 0.236207
821 0.279769 0.621377
822 0.869606 0.815122
823 0.136388 0.131426
824 0.28831 0.502334
825 0.467871 0.336122
826 0.797697 0.873785
827 0.428116 0.416936
828 0.263392 0.615637
829 0.880523 0.937918
830 0.690437 0.702508
831 0.466017 0.40085
832 0.661794 0.608405
833 0.350462 0.669406
834 0.187116 0.206588
835 0.186673 0.722827
836 0.159781 0.0630215
837 0.315741 0.653716
838 0.0789865 0.813518
839 0.745924 0.637328
840 0.421142 0.680551
841 0.156451 0.468034
842 0.505442 0.542258
843 0.372643 0.352807
844 0.0631841 0.797031
845 0.264648 0.454638
846 0.0381683 0.841508
847 0.277687 0.299776
848 0.218795 0.678219
849 0.476981 0.460347
850 0.717544 0.636065
851 0.299356 0.658348
852 0.866938 0.741363
853 0.793241 0.90978
854 0.549646 0.632961
855 0.192089 0.725579
856 0.407622 0.425941
857 0.613901 0.59377
858 0.236006 0.3732
859 0.425755 0.42989
860 0.305371 0.27668
861 0.783538 0.850219
862 0.0936109 0.74011
863 0.781863 0.640959
864 0.210353 0.294944
865 0.118607 0.0552091
866 0.119858 0.648511
867 0.347908 0.339276
868 0.00312958 0.910118
869 0.517863 0.592719
870 0.195516 0.664481
871 0.158133 0.763826
872 0.281181 0.309858
873 0.398832 0.395935
874 0.395455 0.394769
875 0.321027 0.203833
876 0.208981 0.655484
877 0.0596375 0.78342
878 0.139813 0.668611
879 0.36731 0.478948
880 0.211038 0.66626
881 0.451045 0.65837
882 0.682771 0.788629
883 0.818355 0.66692
884 0.499253 0.577627
885 0.174496 0.771958
886 0.196943 0.404841
887 0.292453 0.193045
888 0.573334 0.543083
889 0.262349 0.192298
890 0.510474 0.50732
891 0.031143 0.864292
892 0.882579 0.679866
893 0.130555 0.788244
894 0.345129 0.270961
895 0.506727 0.542212
896 0.198608 0.489955
897 0.542517 0.446858
898 0.214705 0.361889
899 0.680054 0.70833
900 0.184371 0.626747
901 0.0220243 0.870554
902 0.206561 0.0945404
903 0.875834 0.797269
904 0.120645 0.650126
905 0.167009 0.514334
906 0.780111 0.672152
907 0.27584 0.253249
908 0.725735 0.764957
909 0.29357 0.661215
910 0.535182 0.594416
911 0.145213 0.544922
912 0.316487 0.175554
913 0.0617602 0.818069
914 0.691171 0.552689
915 0.381652 0.432722
916 0.0685866 0.7382
917 0.652911 0.743544
918 0.411705 0.576172
919 0.292026 0.109639
920 0.132326 0.597872
921 0.123122 0.745561
922 0.645838 0.784921
923 0.723792 0.864537
924 0.284627 0.558222
925 0.110793 0.797661
926 0.445466 0.496325
927 0.391308 0.355727
928 0.3081 0.176918
929 0.34314 0.63669
930 0.290043 0.176237
931 0.567926 0.603073
932 0.156772 0.518733
933 0.477467 0.526154
934 0.214317 0.256466
935 0.750562 0.662203
936 0.29617 0.233689
937 0.0778932 0.813756
938 0.586641 0.654346
939 0.748924 0.663341
940 0.808355 0.789723
941 0.23447 0.22251
942 0.128699 0.731919
943 0.728235 0.677862
944 0.158156 0.519832
945 0.654334 0.695133
946 0.559251 0.655865
947 0.303515 0.151176
948 0.190265 0.476202
949 0.0174035 0.966572
950 0.237816 0.5649
951 0.923698 0.765515
952 0.353254 0.397238
953 0.10067 0.685745
954 0.689488 0.650521
955 0.110902 0.0976616
956 0.246685 0.160721
957 0.752978 0.83165
958 0.869763 0.717356
959 0.739058 0.850286
960 0.205656 0.376603
961 0.112194 0.74963
962 0.449085 0.521442
963 0.903113 0.924988
964 0.638707 0.616507
965 0.300082 0.269322
966 0.658941 0.633041
967 0.13314 0.784794
968 0.89054 0.686221
969 0.574231 0.58174
970 0.835777 0.806957
971 0.0423485 0.801104
972 0.35969 0.339387
973 0.338205 0.312362
974 0.0290522 0.863102
975 0.352653 0.462262
976 0.206352 0.457027
977 0.0803044 0.760028
978 0.283105 0.479036
979 0.375904 0.318339
980 0.0660027 0.847561
981 0.240055 0.168477
982 0.0593205 0.81894
983 0.559054 0.569135
984 0.655922 0.631992
985 0.683415 0.720105
986 0.30864 0.719235
987 0.180517 0.671448
988 0.381778 0.540369
989 0.0989758 0.719596
990 0.301637 0.214454
991 0.548597 0.377084
992 0.261078 0.321881
993 0.199848 0.343852
994 0.283431 0.116143
995 0.614167 0.531769
996 0.668961 0.719381
997 0.877961 0.826177
998 0.108412 0.080294
999 0.167739 0.140456
