0 0.14955089820359282
1 0.19108645753634276
2 0.16932203389830508
3 0.23055619663051005
4 0.20982986767485823
5 0.23395784543325526
6 0.2611764705882353
7 0.20869020263212867
8 0.2253552898714189
9 0.24975
10 0.21401028277634962
11 0.13968120805369127
12 0.15502793296089384
13 0.2341223341926412
14 0.2200925313945803
15 0.15307998774134232
16 0.2275626423690205
17 0.20169594185342216
18 0.25031320471059887
19 0.15555901588290252
20 0.20825515947467166
21 0.2536820721178263
22 0.2143316884788672
23 0.2374613739006418
24 0.2321096654275093
25 0.1617813765182186
26 0.23888091822094693
27 0.21378129681147015
28 0.2215568862275449
29 0.220432480141218
30 0.250250501002004
31 0.25413380819129994
32 0.26275644397685427
33 0.17823371989295272
34 0.18662432280963945
35 0.19454722492697177
36 0.1725984796129924
37 0.18048780487804877
38 0.23962580954665388
39 0.23286713286713287
40 0.2389952153110048
41 0.26303317535545023
42 0.18465804066543437
43 0.25157391085368924
44 0.15378694581280788
45 0.15984
46 0.19908330011956954
47 0.22379032258064516
48 0.16733668341708544
49 0.1995605273671594
50 0.2234399463207336
51 0.17370892018779344
52 0.17461982170949134
53 0.2634493670886076
54 0.20530209617755857
55 0.22249443207126948
56 0.20161453077699293
57 0.19345468628969792
58 0.24348038020960272
59 0.21414790996784566
60 0.2511943676137792
61 0.2168439331452138
62 0.21005046257359125
63 0.19364217871680559
64 0.23791378899738033
65 0.2297608095676173
66 0.2613131048914465
67 0.18404568901989682
68 0.2356687898089172
69 0.2493759360958562
70 0.2536820721178263
71 0.18431734317343174
72 0.23706691979117228
73 0.16172899465760077
74 0.23628192999053926
75 0.18916871804582466
76 0.19337979094076654
77 0.23308446103593095
78 0.20214488061513558
79 0.21922317314022383
80 0.19189396849788706
81 0.24906507105459985
82 0.2456960157402853
83 0.19375484871993795
84 0.26372756071805703
85 0.20024052916416116
86 0.20756285061292334
87 0.18233254243475086
88 0.22353994182143655
89 0.14074387151310228
90 0.24636251541307028
91 0.22545700744752878
92 0.15933014354066985
93 0.2253044654939107
94 0.25419847328244277
95 0.2351141445045893
96 0.23684210526315788
97 0.1763771186440678
98 0.18462391424875255
99 0.15762070053644683
100 0.15568022440392706
101 0.243896484375
102 0.18817103032586174
103 0.18273276019754894
104 0.17471143756558238
105 0.2139186295503212
106 0.18617219530376444
107 0.26035965598123534
108 0.19126938541068353
109 0.16691729323308271
110 0.19619010212097407
111 0.21883899233296825
112 0.17861612730198462
113 0.21874315743376396
114 0.19924212205823694
115 0.16460701927829954
116 0.26076742364917777
117 0.24020197162779514
118 0.2517641129032258
119 0.17640826417093414
120 0.20614940156830375
121 0.1902132520944402
122 0.18634583100167879
123 0.23023738188522702
124 0.18300054955119985
125 0.16222799610263072
126 0.23029045643153526
127 0.25413380819129994
128 0.2501878287002254
129 0.220432480141218
130 0.21268895039386843
131 0.19746985570270806
132 0.2611764705882353
133 0.17185618441424394
134 0.1633687653311529
135 0.2293915040183697
136 0.20425270905745246
137 0.20882107023411373
138 0.24425427872860636
139 0.20864661654135339
140 0.19880597014925372
141 0.21506996770721207
142 0.20674668874172186
143 0.16545213646902948
144 0.18641537600298563
145 0.18606816911901658
146 0.2032553407934893
147 0.17271784232365145
148 0.22324022346368716
149 0.22464582864852708
150 0.25734157650695516
151 0.2535532994923858
152 0.20930232558139536
153 0.25214538112064616
154 0.14676068752754517
155 0.23092926490984744
156 0.17461982170949134
157 0.22324022346368716
158 0.16586418728208535
159 0.17823371989295272
160 0.21116043119847813
161 0.21282488282914358
162 0.20564018114450391
163 0.22145865661715805
164 0.20555555555555555
165 0.2086030486531635
166 0.19204152249134948
167 0.16683366733466934
168 0.18527448071216618
169 0.25106810756471476
170 0.19024947629023042
171 0.23478260869565218
172 0.1936046511627907
173 0.24709374227059114
174 0.20947787796183687
175 0.19793936992272637
176 0.19043080442241708
177 0.23319327731092437
178 0.24183006535947713
179 0.24838388861263053
180 0.2296551724137931
181 0.1909038792279763
182 0.18266593527153044
183 0.2572753026010816
184 0.2568783749035742
185 0.25144726906619685
186 0.2125984251968504
187 0.238254233245886
188 0.2296551724137931
189 0.24014423076923078
190 0.21219201359388276
191 0.16611240438975725
192 0.16154592496765846
193 0.1540715607649599
194 0.1971969996052112
195 0.18170243724990906
196 0.18213309024612578
197 0.20251368335698358
198 0.2481371087928465
199 0.16422817688640473
200 0.15366866635902168
201 0.2210666076565612
202 0.20421095666394112
203 0.1584456780333069
204 0.19912298186167032
205 0.19200461272342878
206 0.19731384554611892
207 0.1936046511627907
208 0.21309726962457337
209 0.25549872122762146
210 0.1712962962962963
211 0.23522486461031317
212 0.2031726662599146
213 0.2259158751696065
214 0.1677863621095062
215 0.2049651210504719
216 0.15847081218274112
217 0.20747663551401868
218 0.184147465437788
219 0.2266848196051736
220 0.2330300909727082
221 0.18127381600435494
222 0.1739508967438621
223 0.20555555555555555
224 0.1999599679743795
225 0.14641653231716253
226 0.16978246091094493
227 0.2343969967151572
228 0.19762611275964392
229 0.1870436247893653
230 0.21553398058252426
231 0.18981569447083413
232 0.21788440567066522
233 0.228604118993135
234 0.2345621037802301
235 0.16374364858219964
236 0.21111580726965343
237 0.17993515850144093
238 0.18058568329718006
239 0.24419457345392326
240 0.15428571428571428
241 0.23888091822094693
242 0.19538431449247018
243 0.24503311258278146
244 0.1995605273671594
245 0.17461982170949134
246 0.2326502095947834
247 0.16183379232139963
248 0.17212267401791867
249 0.2335203366058906
250 0.2523364485981308
251 0.1883129123468426
252 0.18032490974729243
253 0.17807486631016042
254 0.19458511881573823
255 0.25
256 0.20149253731343283
257 0.2266333938294011
258 0.23417721518987342
259 0.2002004008016032
260 0.17996757341019637
261 0.20864661654135339
262 0.22997237569060774
263 0.25031320471059887
264 0.1998399679935987
265 0.2194639718804921
266 0.23656168600520958
267 0.18810016945961214
268 0.21214695264387343
269 0.17922497308934338
270 0.1712082262210797
271 0.1441350454479873
272 0.2009251810136766
273 0.1514095180357684
274 0.19083094555873925
275 0.22658199138126559
276 0.17650176678445229
277 0.20488105004101723
278 0.2319479916415138
279 0.17227108122090015
280 0.24461312438785504
281 0.23522486461031317
282 0.1951934349355217
283 0.20799500312304808
284 0.16512396694214876
285 0.20943396226415095
286 0.15587455141207676
287 0.20509135701088071
288 0.16496036988110965
289 0.16608478802992518
290 0.17227108122090015
291 0.20930232558139536
292 0.25734157650695516
293 0.18771138669673054
294 0.245877430470096
295 0.17725337118523776
296 0.21493115318416522
297 0.17810661436976288
298 0.18856172140430352
299 0.1896355353075171
300 0.21931942919868277
301 0.23275862068965517
302 0.18110949963741843
303 0.20882107023411373
304 0.24371797999512076
305 0.1646612823471238
306 0.20606435643564355
307 0.1963443396226415
308 0.18906131718395155
309 0.14142129105322762
310 0.21296098912811767
311 0.17498686284813453
312 0.18160334484639157
313 0.20194057004244997
314 0.1982142857142857
315 0.188135593220339
316 0.22725204731574158
317 0.17236024844720496
318 0.15163934426229508
319 0.17871198568872987
320 0.17498686284813453
321 0.19762611275964392
322 0.16050771208226222
323 0.2602918186555498
324 0.15614254454517038
325 0.23092926490984744
326 0.1836734693877551
327 0.19595919968615144
328 0.25220903812168644
329 0.23661771672193274
330 0.22309066547565878
331 0.1845556992425642
332 0.23167903525046382
333 0.25329614604462475
334 0.1888111888111888
335 0.16770186335403728
336 0.24002883229216723
337 0.21609344581440623
338 0.21826523923967664
339 0.25170068027210885
340 0.2446730345334313
341 0.20882107023411373
342 0.16071428571428573
343 0.18374103365826744
344 0.17292712480526223
345 0.1798703637018365
346 0.20354523227383864
347 0.18140548392954423
348 0.16978246091094493
349 0.19061247853463079
350 0.24733845011141373
351 0.2508789552988448
352 0.18613750698714365
353 0.21850393700787402
354 0.22259358288770054
355 0.1793858861555037
356 0.24377745241581258
357 0.1761904761904762
358 0.1909038792279763
359 0.1894557178076996
360 0.26069937369519836
361 0.15083798882681565
362 0.2045873438459963
363 0.21660884648742412
364 0.24850746268656718
365 0.1856532243077495
366 0.16222799610263072
367 0.17622155582995236
368 0.19364217871680559
369 0.21703237019335217
370 0.20060240963855422
371 0.19848996622292867
372 0.1851371386212009
373 0.18404568901989682
374 0.1744368779465689
375 0.1931554524361949
376 0.1828665568369028
377 0.17628374801482266
378 0.22190137716570413
379 0.193717277486911
380 0.17065254526819268
381 0.17535545023696683
382 0.24377745241581258
383 0.1834710743801653
384 0.1951934349355217
385 0.22414179941664797
386 0.16307541625857003
387 0.22897089158835662
388 0.21201188455008488
389 0.1819672131147541
390 0.2281342772322448
391 0.18273276019754894
392 0.25329614604462475
393 0.17212267401791867
394 0.20471311475409837
395 0.178743961352657
396 0.16420118343195267
397 0.20032083416883897
398 0.2620671563483736
399 0.1998399679935987
400 0.1946230274693162
401 0.17712765957446808
402 0.22545700744752878
403 0.2041692213366033
404 0.2622047244094488
405 0.19944100618886004
406 0.2095218120805369
407 0.18418141592920353
408 0.21497740477727567
409 0.2345621037802301
410 0.2125531914893617
411 0.22358997314234558
412 0.1933423650087091
413 0.1752939112124934
414 0.15922856232068855
415 0.15927933673469388
416 0.1770962595284524
417 0.17791629563668745
418 0.24371797999512076
419 0.21142857142857144
420 0.17541703248463564
421 0.19793936992272637
422 0.21774193548387097
423 0.21745755333043099
424 0.16691729323308271
425 0.22902338376891335
426 0.21665582303188027
427 0.24294747081712062
428 0.19061247853463079
429 0.18143843080276062
430 0.17355802640722723
431 0.18924038643682517
432 0.22439353099730458
433 0.25734157650695516
434 0.19786096256684493
435 0.21120507399577168
436 0.22259358288770054
437 0.23701067615658364
438 0.18330275229357798
439 0.19665354330708662
440 0.22612041647804437
441 0.20492307692307693
442 0.24031753668510947
443 0.17471143756558238
444 0.17725337118523776
445 0.2234399463207336
446 0.17310691387974356
447 0.2214095744680851
448 0.1888111888111888
449 0.1888111888111888
450 0.24461312438785504
451 0.19762611275964392
452 0.13800248653128885
453 0.1837748344370861
454 0.17974091399784095
455 0.23780052368483695
456 0.21446972949763848
457 0.18795860771401693
458 0.23516949152542374
459 0.25246398786959817
460 0.15307998774134232
461 0.1797732589526723
462 0.18032490974729243
463 0.19039451114922812
464 0.2266333938294011
465 0.1876056338028169
466 0.17697077059344551
467 0.2187910643889619
468 0.2004414125200642
469 0.13968120805369127
470 0.20890840652446674
471 0.1915995397008055
472 0.22464582864852708
473 0.17310691387974356
474 0.22803013010728143
475 0.17625264643613267
476 0.18898978433598185
477 0.18084721216509775
478 0.20855949895615866
479 0.18022731372902762
480 0.2505643340857788
481 0.24721603563474387
482 0.19204152249134948
483 0.25807284939292174
484 0.1697536108751062
485 0.25406917599186163
486 0.22740723878898247
487 0.2017366720516963
488 0.21401028277634962
489 0.19481279251170047
490 0.18401178854300976
491 0.25880829015544043
492 0.18606816911901658
493 0.19345468628969792
494 0.18506854390515007
495 0.2526555386949924
496 0.25220903812168644
497 0.2337935876433419
498 0.1867988032909499
499 0.1667779632721202
500 0.23125
501 0.1734375
502 0.15834522111269614
503 0.18110949963741843
504 0.17188575361321404
505 0.1534562211981567
506 0.2633104902477596
507 0.18541202672605792
508 0.21142857142857144
509 0.24136264798260448
510 0.2533603854932792
511 0.193717277486911
512 0.17419354838709677
513 0.2069608452454941
514 0.19754795333201502
515 0.22865644312199587
516 0.24539425202652912
517 0.1874296435272045
518 0.1888111888111888
519 0.16840863115306812
520 0.1752324153657253
521 0.2253044654939107
522 0.19215233698788228
523 0.21864740643466843
524 0.17376935119151157
525 0.22319034852546918
526 0.2203352448169387
527 0.17123757284881727
528 0.22096881220968811
529 0.1769394261424017
530 0.19615158060082466
531 0.20734744707347447
532 0.15378694581280788
533 0.2287087912087912
534 0.17829734071033376
535 0.19207844645260527
536 0.19218930357829936
537 0.19014084507042253
538 0.25569490657793703
539 0.22735548475193446
540 0.17161999656416424
541 0.1921153846153846
542 0.22419210053859964
543 0.15614254454517038
544 0.18721889055472263
545 0.19770433405897486
546 0.15163934426229508
547 0.24863115978098557
548 0.2125984251968504
549 0.18107667210440456
550 0.1634756995581738
551 0.15088355233348436
552 0.225
553 0.2326502095947834
554 0.21058178752107926
555 0.21111580726965343
556 0.23044982698961938
557 0.25227272727272726
558 0.2212624584717608
559 0.18906131718395155
560 0.15242599938968568
561 0.17480314960629922
562 0.2358356940509915
563 0.19083094555873925
564 0.18568773234200744
565 0.18934799090219864
566 0.23600283486888732
567 0.1822327617657789
568 0.14866071428571428
569 0.19860834990059642
570 0.14984250787460626
571 0.17839285714285713
572 0.20956576463184393
573 0.23882381066220415
574 0.14142129105322762
575 0.17141386410432397
576 0.21437768240343347
577 0.24188861985472154
578 0.183707245310776
579 0.1508607671398369
580 0.24049109292248436
581 0.1760352422907489
582 0.16767371601208458
583 0.1962671905697446
584 0.14693337255478747
585 0.1949268292682927
586 0.20627710097047286
587 0.2076923076923077
588 0.2006830052229811
589 0.16929334011184544
590 0.16770186335403728
591 0.23555765149728838
592 0.16439032417311172
593 0.16784274193548387
594 0.2360586011342155
595 0.1715021459227468
596 0.22839506172839505
597 0.19248554913294796
598 0.24826043737574552
599 0.1626770884220811
600 0.25106810756471476
601 0.17932148626817448
602 0.20333808263789946
603 0.14835164835164835
604 0.19405594405594406
605 0.16978246091094493
606 0.18530884808013356
607 0.2099180500105064
608 0.2572753026010816
609 0.21305182341650672
610 0.15555901588290252
611 0.15300964925716037
612 0.20525991370454078
613 0.20653297498449452
614 0.19281991893456862
615 0.16079188797682278
616 0.23729216152019003
617 0.21156289707750953
618 0.2129156010230179
619 0.23461719116956317
620 0.2185517392255524
621 0.20943396226415095
622 0.1927827093786183
623 0.16849384381851915
624 0.1983323406789756
625 0.15307998774134232
626 0.16506939854593522
627 0.1443850267379679
628 0.16691729323308271
629 0.19379243452958292
630 0.1901770416904626
631 0.1926711668273867
632 0.17810661436976288
633 0.1845556992425642
634 0.15265892420537897
635 0.24183006535947713
636 0.20214488061513558
637 0.17622155582995236
638 0.24709374227059114
639 0.2181699060930334
640 0.2107594936708861
641 0.15054249547920434
642 0.18634583100167879
643 0.1983323406789756
644 0.18183472879504914
645 0.2266333938294011
646 0.19137931034482758
647 0.21192193466270684
648 0.18592964824120603
649 0.20602186017735616
650 0.17974091399784095
651 0.1692359817042182
652 0.16217532467532467
653 0.16815350951018346
654 0.24672758705853298
655 0.22249443207126948
656 0.21534813537400302
657 0.23831106870229007
658 0.17731629392971246
659 0.17687677053824363
660 0.20137069139286434
661 0.15826996197718632
662 0.17861612730198462
663 0.20555555555555555
664 0.2017366720516963
665 0.17526315789473684
666 0.18575678690963182
667 0.21493115318416522
668 0.21793193717277487
669 0.18806475903614459
670 0.22923359339146399
671 0.23039667896678967
672 0.19900398406374503
673 0.1865894658199477
674 0.18977963525835867
675 0.24194720271252118
676 0.1989247311827957
677 0.18045520231213874
678 0.2538109756097561
679 0.23002532811420676
680 0.20408580183861083
681 0.2135528003420265
682 0.16162433263226014
683 0.2229413077438072
684 0.16683366733466934
685 0.2501878287002254
686 0.23991354466858789
687 0.25523760858456823
688 0.24691052891744933
689 0.18916871804582466
690 0.17996757341019637
691 0.1895995445055988
692 0.17544783983140147
693 0.20925848345203185
694 0.2528473804100228
695 0.22704545454545455
696 0.24461312438785504
697 0.21005046257359125
698 0.2447329740323371
699 0.16691729323308271
700 0.24863115978098557
701 0.24624106482622626
702 0.2424757281553398
703 0.22647925640444344
704 0.18269934162399415
705 0.22131147540983606
706 0.2182175622542595
707 0.21637426900584794
708 0.25894245723172626
709 0.19450934579439252
710 0.14832962138084632
711 0.20864661654135339
712 0.19424460431654678
713 0.21305182341650672
714 0.25208175624526874
715 0.1459886014905743
716 0.23991354466858789
717 0.23167903525046382
718 0.17532467532467533
719 0.18838393362247785
720 0.20467117393976644
721 0.2247974797479748
722 0.20153318539439177
723 0.25510725229826353
724 0.17719049308265342
725 0.19872687487567137
726 0.1534562211981567
727 0.22494933573519477
728 0.19813566045220152
729 0.2618610747051114
730 0.19952067106051527
731 0.23151796060254926
732 0.1836734693877551
733 0.21067060312104596
734 0.25246398786959817
735 0.1546439628482972
736 0.19900398406374503
737 0.18520578420467185
738 0.23893805309734514
739 0.16409329829172142
740 0.23684210526315788
741 0.18482886216466235
742 0.205344295991778
743 0.2505643340857788
744 0.18530884808013356
745 0.23324772355825357
746 0.2525278058645096
747 0.25754060324825984
748 0.2337935876433419
749 0.18350477590007347
750 0.17544783983140147
751 0.24521354933726067
752 0.17900017917935854
753 0.2525278058645096
754 0.17983798379837984
755 0.2004414125200642
756 0.17535545023696683
757 0.1704778156996587
758 0.21201188455008488
759 0.23483779971791255
760 0.2146540610227761
761 0.2513839959738299
762 0.26015625
763 0.183707245310776
764 0.19308078855817548
765 0.18143843080276062
766 0.16857914276071548
767 0.2430065677450742
768 0.22891842346471128
769 0.18524012608937512
770 0.23395784543325526
771 0.17012942779291554
772 0.19727488151658767
773 0.16536997185896374
774 0.1822992700729927
775 0.25589139344262296
776 0.24533398821218075
777 0.21071503902130354
778 0.21731564063519687
779 0.25406917599186163
780 0.16146759334087604
781 0.24807549043953314
782 0.1874296435272045
783 0.21005046257359125
784 0.16318196667755636
785 0.14676068752754517
786 0.2404332129963899
787 0.2007233273056058
788 0.243896484375
789 0.20421095666394112
790 0.2288135593220339
791 0.18110949963741843
792 0.2049651210504719
793 0.1773477720575182
794 0.2071754458730817
795 0.1822327617657789
796 0.1804226115224851
797 0.16550695825049702
798 0.21999559568377008
799 0.15894988066825777
800 0.24306569343065693
801 0.1617028164454516
802 0.24557522123893805
803 0.1668058106528636
804 0.2117871528513886
805 0.21493115318416522
806 0.2398559423769508
807 0.17440642458100558
808 0.22949689869055823
809 0.19630575751621143
810 0.17401149625500784
811 0.1752939112124934
812 0.15829504040564094
813 0.21646803900325026
814 0.2054287476866132
815 0.20354523227383864
816 0.1823658269441402
817 0.2452737539896882
818 0.19356713815152102
819 0.19447148140938292
820 0.20816836841008543
821 0.20934618608549874
822 0.17741076185402238
823 0.16291585127201566
824 0.24545454545454545
825 0.16004485741749438
826 0.17286727807579166
827 0.24636251541307028
828 0.2034208918753818
829 0.15210109622411694
830 0.2262228260869565
831 0.1739508967438621
832 0.2345621037802301
833 0.23539114043355325
834 0.17893605588393338
835 0.21502367628067154
836 0.1586217846935535
837 0.25214538112064616
838 0.1983717235901509
839 0.2279780921953446
840 0.25144726906619685
841 0.1764394206993995
842 0.23178654292343387
843 0.21745755333043099
844 0.1893121091529278
845 0.23227156475238317
846 0.18303407841700256
847 0.20024052916416116
848 0.2330300909727082
849 0.24869305451829724
850 0.23373888628919046
851 0.25432790224032586
852 0.1897075579187239
853 0.16074014481094126
854 0.25310362300481376
855 0.22725204731574158
856 0.22219750889679715
857 0.23661771672193274
858 0.20525991370454078
859 0.18323550990462215
860 0.20704663212435234
861 0.17600422832980972
862 0.18530884808013356
863 0.21373555840821565
864 0.1843513563388079
865 0.1480658070253446
866 0.17027441622635078
867 0.14982003599280144
868 0.16099919419822722
869 0.22175360710321865
870 0.19454722492697177
871 0.21296098912811767
872 0.21364414029084688
873 0.22249443207126948
874 0.24539425202652912
875 0.20309005895507218
876 0.2002004008016032
877 0.18534322820037105
878 0.18226600985221675
879 0.19068524527581598
880 0.2027603003856302
881 0.24060693641618497
882 0.1884194643530743
883 0.20547099958864665
884 0.21859956236323852
885 0.2183606557377049
886 0.18153734326730875
887 0.1883129123468426
888 0.222
889 0.19569049951028403
890 0.21102661596958175
891 0.1773477720575182
892 0.18575678690963182
893 0.20847245409015025
894 0.22424242424242424
895 0.22101769911504424
896 0.21651495448634592
897 0.1952315810044948
898 0.18065099457504522
899 0.22195067762719395
900 0.2262228260869565
901 0.17413282203242111
902 0.17486434447750743
903 0.17413282203242111
904 0.1795470884255931
905 0.18186783178590935
906 0.22214809873248834
907 0.1797085806799784
908 0.2026369168356998
909 0.22309066547565878
910 0.22855181880576528
911 0.18739448508722567
912 0.19793936992272637
913 0.19782178217821783
914 0.2158599827139153
915 0.18120805369127516
916 0.1760352422907489
917 0.2018589614063447
918 0.26008851861494403
919 0.17823371989295272
920 0.19068524527581598
921 0.19793936992272637
922 0.18665919282511212
923 0.17206338270754393
924 0.24401563263312165
925 0.205007182433819
926 0.22324022346368716
927 0.23808388941849382
928 0.18493150684931506
929 0.2259669757973309
930 0.19673099645529737
931 0.2356132075471698
932 0.2009251810136766
933 0.2129156010230179
934 0.18482886216466235
935 0.22601809954751131
936 0.20218579234972678
937 0.1983717235901509
938 0.22374020156774915
939 0.2262740656851642
940 0.19383003492433062
941 0.1890255439924314
942 0.19630575751621143
943 0.228604118993135
944 0.1932301740812379
945 0.2262740656851642
946 0.2116077102308833
947 0.18606816911901658
948 0.20908329845123483
949 0.146330745569064
950 0.18133962606643675
951 0.17007150153217568
952 0.246301775147929
953 0.16220165611300535
954 0.2449730259931339
955 0.14743211334120426
956 0.18634583100167879
957 0.1845556992425642
958 0.1915627996164909
959 0.17697077059344551
960 0.1723899913718723
961 0.19619010212097407
962 0.2076059850374065
963 0.1483736818654389
964 0.24271137026239067
965 0.21378129681147015
966 0.2449730259931339
967 0.20890840652446674
968 0.1807163531114327
969 0.24691052891744933
970 0.185
971 0.18065099457504522
972 0.2351141445045893
973 0.14701986754966886
974 0.18003243827716706
975 0.19735282497036744
976 0.21502367628067154
977 0.18817103032586174
978 0.17392061281337048
979 0.22839506172839505
980 0.17138445702521873
981 0.18551532033426185
982 0.1943579766536965
983 0.2469715698393078
984 0.24324324324324326
985 0.21493115318416522
986 0.24479294290615045
987 0.19170984455958548
988 0.20678948457876217
989 0.18401178854300976
990 0.20056213611724552
991 0.1690641394482992
992 0.20939006497589605
993 0.1712082262210797
994 0.18091271278522275
995 0.2172211350293542
996 0.21401028277634962
997 0.17292712480526223
998 0.14912673533363188
999 0.17010045973097224
