0 7.254713268029989e-05
1 0.002219353436612256
2 0.00276344262862349
3 0.008167823234727225
4 0.005071154006722477
5 0.006724857185208459
6 0.01025590082130634
7 0.006740096717734448
8 0.006692541757850015
9 0.002961262198487241
10 0.013127511351086729
11 1.4583521772876555e-06
12 0.00010668247398795954
13 0.0034700011346381586
14 0.004721380655351677
15 6.437671137930419e-05
16 0.006950845459191201
17 0.006330960335951315
18 0.003800968541852966
19 7.368578759724394e-05
20 0.0036337828981686765
21 0.0037657707888065946
22 0.005533735046129379
23 0.0028545266524573816
24 0.00897751448757438
25 0.000173827899570245
26 0.006829037849929671
27 0.0043295495253978175
28 0.005607093787677557
29 0.006528038884485397
30 0.010529330645870383
31 0.009627262235048357
32 0.023019404914932717
33 0.0005833279618418041
34 0.00018391212697369056
35 0.0034221802450967852
36 0.0014573785411938212
37 0.0016317533240706662
38 0.006988187658702586
39 0.007156709906469153
40 0.010200512527131216
41 0.019423004203493507
42 0.000400226245434212
43 0.003696958219063539
44 8.58770456230271e-05
45 0.0001393288061219982
46 0.003725508766299536
47 0.002353954188649758
48 0.0008178271691137609
49 0.0017567929348692001
50 0.012865984613934222
51 0.003235641431351714
52 0.0012587492126941028
53 0.020148578764587925
54 0.001089214073669875
55 0.005090268238419097
56 0.005256537595182705
57 0.0010092649017260618
58 0.003947023011573166
59 0.003482245246804212
60 0.01231166132297418
61 0.0022187649522829576
62 0.004472282112906626
63 0.0014338416126289208
64 0.0028886273952249274
65 0.00468600612526415
66 0.012586905279161889
67 0.0017547129880862542
68 0.003907557968626017
69 0.005226448717206851
70 0.007539455026588009
71 0.0019625832373914194
72 0.0068833773932519635
73 0.00045643213929333413
74 0.004765812652722626
75 0.0010961246541804249
76 0.00035051613010912073
77 0.0037787822541306072
78 0.002748210847809337
79 0.005189616774535787
80 0.0026175205654012904
81 0.006852193208074303
82 0.009238242138142247
83 0.0025535622198961873
84 0.02197214064108188
85 0.004458140183906721
86 0.006089207590008882
87 0.0015749360778074238
88 0.003079806643356683
89 0.0
90 0.008034001039820682
91 0.007838554105370842
92 0.0006061380149062066
93 0.0042268864474927365
94 0.0159664170713408
95 0.0042488202067126665
96 0.006906320785565408
97 0.0031558692799612095
98 0.0023361797260857725
99 0.00011313843014902997
100 0.0004634251304323152
101 0.010976307214200893
102 0.0007579360080199975
103 0.0013396258991960773
104 7.841305485404719e-05
105 0.0037650099762351935
106 0.0007921220528867118
107 0.010990328991357688
108 0.0021008321166779264
109 0.000390775193893173
110 0.001978813309607012
111 0.005952824868845406
112 0.0002488229443353122
113 0.0054879465542953774
114 0.0020760865379226856
115 0.0003638424211275424
116 0.012577615206379296
117 0.004193245635377159
118 0.014225558944326032
119 0.0023110824375298785
120 0.004021183976341099
121 0.0013179060439198083
122 0.0011033253401646524
123 0.006550051941427807
124 0.0025475094249023254
125 0.0004070015698821781
126 0.004721188718678939
127 0.011607073970752014
128 0.0058804477151921
129 0.002877764094103653
130 0.005147750429192981
131 0.004216853996205976
132 0.01337444007993302
133 0.0007619091652439825
134 0.0023409025837698885
135 0.007183816769219392
136 0.0022470866658605934
137 0.004243894871478224
138 0.01163775531893372
139 0.0026141196430172525
140 0.0019235639261126845
141 0.0052978973778874915
142 0.004396004883149349
143 0.00029132964837694247
144 0.0010958002725028168
145 0.0040376900965953385
146 0.007481065928588566
147 0.00033555073662681033
148 0.003045979380227332
149 0.0044889680524779745
150 0.014905770987163123
151 0.012044905707307738
152 0.0040935630218546255
153 0.007744046881937102
154 1.1421132391621923e-05
155 0.0014462106334725945
156 0.00015631356782194706
157 0.008696110501203749
158 0.0006432865479957269
159 0.0009172204240155516
160 0.005516924740891395
161 0.007835458227823838
162 0.006119107732616847
163 0.005245002704632864
164 0.003678974027443214
165 0.006750593880681808
166 0.0006325556046690273
167 0.00012273391042918498
168 0.001858392892935204
169 0.005951961644657331
170 0.0006563315613569093
171 0.006376835315444857
172 0.0031315880316272722
173 0.007353362072285346
174 0.00519909729023565
175 0.0033725484067342703
176 0.0019175600954496217
177 0.008660204922527948
178 0.008251010061722337
179 0.009341637623786063
180 0.011166701423045438
181 0.0023506577534856774
182 0.0015559972762856794
183 0.012048442640968698
184 0.006258526774587615
185 0.004836615021328009
186 0.00743992465859918
187 0.010914128461329782
188 0.0066599711061919855
189 0.004867725961752959
190 0.004127770195912279
191 0.0007070240616577013
192 0.00013156508196824195
193 0.0005864454194427176
194 0.007523323896003274
195 0.0017987928883984692
196 0.000680338167033362
197 0.0034273079034575593
198 0.008730072527758521
199 0.0005320005878455151
200 8.855435064564561e-05
201 0.009874646778010459
202 0.005400727321634644
203 0.0006969898567790567
204 0.0016620161261483035
205 0.0028681600808105885
206 0.0076462777978696
207 0.003552753800573519
208 0.0028542787144293785
209 0.0054974670079787685
210 0.0013537382893990461
211 0.006452513724105568
212 0.0024912969662078985
213 0.010405458407952596
214 0.0016810728702297537
215 0.003008507742842053
216 0.0007202235044375175
217 0.0063717242779912486
218 0.00430292525870172
219 0.004679882132824005
220 0.005232577154709845
221 0.005050903426048874
222 0.0009985320917093282
223 0.004108875683038875
224 0.006689858464087241
225 1.6975380824003387e-05
226 0.00027457142284662353
227 0.006078870652837966
228 0.0028791930186061127
229 0.002930761466711234
230 0.0034947912143469457
231 0.0016825202661734805
232 0.004147459019520869
233 0.0061447834770845
234 0.007223921505963132
235 0.0017236953185485126
236 0.0027156317330571393
237 0.0011030289860901323
238 0.0016900615681656461
239 0.004550406458437574
240 0.0008221168457055406
241 0.01029295046070572
242 0.005633589566889474
243 0.006196496305292517
244 0.0023510619792536623
245 0.0012587492126941028
246 0.0023868211058347285
247 0.00025787415234434754
248 0.0016979120742339126
249 0.005692307483621988
250 0.0035135974198263415
251 0.002524994291641849
252 0.00011059100864884536
253 0.0011937837929471182
254 0.0030975465751012753
255 0.007223486364974446
256 0.00509146797755153
257 0.009156990380134889
258 0.008236817822945075
259 0.004581924772155634
260 0.0004090083479122621
261 0.0024178575076884753
262 0.008601913991938473
263 0.01225168088100035
264 0.0029611616494664207
265 0.0077737423700494765
266 0.005225184389567788
267 0.0037926286648791467
268 0.005858931338553422
269 0.0012968292424979087
270 0.0014968248641458854
271 2.3600165059554426e-07
272 0.0018689331262036028
273 3.477503744549946e-05
274 0.0016883685597120562
275 0.014199817590069996
276 0.0031327797547058603
277 0.0033068650896503973
278 0.011053887664570545
279 0.0011688341281253555
280 0.0046188412567559475
281 0.006921573005743086
282 0.0031077318563856255
283 0.0017544016990378023
284 0.0008593757064669249
285 0.004304277092065946
286 0.0005675483623909054
287 0.0062219249383598145
288 0.000518451320924998
289 0.0005594962140818498
290 0.0006310644756737816
291 0.003037108545988297
292 0.006297210049778888
293 0.003908542179932821
294 0.014982801114556
295 0.00035661455124023743
296 0.005222036472732645
297 0.001377020044675418
298 0.000768611332962812
299 0.0027386396621306816
300 0.004355159486918501
301 0.008998881075151616
302 0.0007651002385640338
303 0.004859186334606652
304 0.0048378102780751026
305 0.00032493515872284183
306 0.005024110468293894
307 0.0020143930503047284
308 0.0029013955799281907
309 1.121842313258208e-06
310 0.003146295790255874
311 0.0001271952779070615
312 0.00039428077121134175
313 0.0019396764713593296
314 0.003744184594270806
315 0.0006437893175838989
316 0.0046178685412203236
317 0.00043182997953896497
318 8.648270369049183e-05
319 0.0004774988898727854
320 0.0009191696175063804
321 0.002354837473709875
322 0.00019985624379766697
323 0.01448792605831399
324 0.0015350836134505159
325 0.008119958149956608
326 0.004813077256318906
327 0.002075973750829612
328 0.0076967281386666215
329 0.008860268440896815
330 0.005468007035537039
331 0.0003537607717964747
332 0.005819077565338406
333 0.006076545736247883
334 0.0009103112066181149
335 0.0004502876898599461
336 0.00437811203690815
337 0.0033535839274031654
338 0.004205258964602174
339 0.003976342485850737
340 0.007312124322965935
341 0.003566512047136764
342 0.00016932741015253567
343 0.0005728272544420136
344 0.0008333430653941253
345 0.0003127293552593191
346 0.008267174142608493
347 0.0027777697985547777
348 0.0025727575092598853
349 0.0020994730073258636
350 0.002143060224955908
351 0.013450011306812192
352 0.0014606222867280252
353 0.005715681329209775
354 0.0038957251845497245
355 5.945807630517027e-05
356 0.005950457527230807
357 0.00010870371681604648
358 0.0012130210415624333
359 0.0036841254652260464
360 0.013036590120450954
361 1.7778854102588014e-05
362 0.003963045638829936
363 0.006395178451759361
364 0.008434791933677745
365 0.00019132805501284847
366 0.0007990488927908055
367 0.0022920660344931147
368 0.005017690334130995
369 0.0042947773264206245
370 0.002200911754944214
371 0.003915037697575874
372 0.0016233692449583786
373 0.001878178650307678
374 0.0024706844566740934
375 0.0021139844334567034
376 0.0022629860661235518
377 0.0005472567735485029
378 0.0082382373982172
379 0.0014187727138996306
380 0.00030010861989414485
381 0.000247533091778557
382 0.0042782660011607635
383 0.0018697608363014858
384 0.0030951450331497504
385 0.005286605551211632
386 0.0004754765957574323
387 0.005339118717017206
388 0.005001065879736779
389 0.0007965015206177736
390 0.005102646945690235
391 0.00435031123414175
392 0.016100382695837363
393 0.0016754186853633593
394 0.006402530569186936
395 0.0002661122239838556
396 0.0004458937433972861
397 0.0026225331149478132
398 0.015462176386320135
399 0.005757823745493392
400 0.0011925263449141564
401 0.0052653863814627515
402 0.003305734488960454
403 0.005915696208850323
404 0.011723306040941257
405 0.00278867316067981
406 0.008095487302457655
407 0.004587017651740283
408 0.005967779064161891
409 0.007502551540559267
410 0.004864104347828276
411 0.011390983936065796
412 0.004951111084157474
413 0.00035665903087372865
414 0.00042455005594546337
415 0.0009578168791177824
416 0.0003560726979805057
417 0.0005247027745741994
418 0.008820665669859357
419 0.005722083492804095
420 0.000745378660325321
421 0.004571785048291426
422 0.005291992947623405
423 0.005873964690685401
424 0.0004831130503479836
425 0.003949894492471875
426 0.0028762762189180947
427 0.008418700910630848
428 0.0035520166993244376
429 0.0028046443663865364
430 0.00023973722745199643
431 0.006174171125209448
432 0.006059134260363218
433 0.010404213863521722
434 0.0041248441510939
435 0.00419257977010394
436 0.0025496128213309656
437 0.007509367177081384
438 0.0020628743529446693
439 0.0027511519415567985
440 0.004830503609241656
441 0.006062982758484859
442 0.007831376582703222
443 0.0010403389149143576
444 0.0012703390770055964
445 0.008401350735134322
446 0.0015994005338404603
447 0.004201020333580888
448 0.0006656932028588371
449 0.001143342747722325
450 0.006835148731688767
451 0.002354837473709875
452 5.703373222725653e-07
453 0.0026511755903052955
454 0.0026685921918803636
455 0.006250468809891968
456 0.0019456014830385923
457 0.0014312676634170858
458 0.006808255949276708
459 0.008513202402230451
460 0.000690043298569173
461 0.00013938272623995282
462 0.0005058509752969724
463 0.0029818773741898874
464 0.0053970818402346915
465 0.004392172590646976
466 0.0030418212898109896
467 0.005022034689642766
468 0.004230207543397988
469 1.4583521772876555e-06
470 0.005111704443292182
471 0.007575675445067257
472 0.0044889680524779745
473 0.0004116951429916276
474 0.007815108154784903
475 0.0008821475334296451
476 0.001535834369438546
477 0.002168134809875748
478 0.0018606164871885545
479 0.0013488996572598839
480 0.006723088358893865
481 0.0023299316863999104
482 0.0006325556046690273
483 0.00810265111581844
484 0.0026039176943626913
485 0.007127186267542297
486 0.006586327990154968
487 0.003747314166943578
488 0.0025113183695286575
489 0.001960105555274309
490 0.0004447572989156599
491 0.00916814066027219
492 0.0011880875345579812
493 0.006486099222499321
494 0.0014043636178138093
495 0.003106871597625109
496 0.004796247974850245
497 0.006670204674063927
498 0.0021241364636750116
499 0.0012391185099994238
500 0.005301117154201396
501 0.0008379834955137338
502 0.00034553644010298375
503 0.0024371042066909238
504 0.00019416828184907835
505 8.073675529318232e-05
506 0.019144052140929638
507 0.0017652793075934058
508 0.005921303968666622
509 0.007173816463870889
510 0.010514718408913094
511 0.006795929974682846
512 0.002663554390357065
513 0.005337208087407501
514 0.002890816404156907
515 0.002884902876294725
516 0.009037853808590582
517 0.0036672903911161778
518 0.0009103112066181149
519 0.0010725699032012724
520 0.00022283587169124027
521 0.005028086087712006
522 0.002554604716822799
523 0.004204727470440564
524 0.0007191736923423444
525 0.0073656315548037065
526 0.009699034985911922
527 0.0004678483633568933
528 0.006444150472588446
529 0.0006084474804815661
530 0.0036319528248920404
531 0.0023957638864517037
532 0.0001259971374903005
533 0.006254633448444287
534 0.00026216678471590915
535 0.002784420007957904
536 0.0033934179602510117
537 0.0009942118058465655
538 0.022444605951362103
539 0.007614129132130544
540 0.00014621644775627475
541 0.0029442244726661155
542 0.003268336854039494
543 0.0005419357367568223
544 0.0005806783110748333
545 0.0025963296616524725
546 8.648270369049183e-05
547 0.015094596769672772
548 0.005220366404021215
549 0.0009917790126528516
550 0.00015855390195242166
551 2.377121151690419e-05
552 0.005793586447141804
553 0.006819570905692824
554 0.004257979606691957
555 0.0035616129142746144
556 0.005672150847123022
557 0.01029976189951191
558 0.0062303910578865905
559 0.0040559692122037055
560 0.00040282936135262957
561 0.0008465622188926944
562 0.012332568567212546
563 0.0013012173113504965
564 0.002727896247902356
565 0.0017395822976374385
566 0.003321928353468996
567 0.00023666564639056997
568 3.204783502227925e-05
569 0.0019220904229124047
570 1.317624278400211e-05
571 0.0004451249404515497
572 0.003526938242687061
573 0.010575976065220677
574 1.121842313258208e-06
575 2.6536572684958488e-05
576 0.0035595355973653472
577 0.007052938710845252
578 0.0007384457048668912
579 2.130295385097857e-05
580 0.011549997422719534
581 0.000648532963697955
582 0.0006047905289187805
583 0.004320196554866415
584 4.135662345950901e-06
585 0.0027082443960186097
586 0.00797024158137195
587 0.004174021301925803
588 0.0031170219921585352
589 0.0017719622531349622
590 0.0004502876898599461
591 0.008997292642426881
592 0.0001492531962323526
593 0.00013472805905713364
594 0.015922052593047256
595 0.0021521193649197586
596 0.008283342993665618
597 0.003679449038474361
598 0.00511810152292091
599 6.676864639828946e-06
600 0.0076687045316394635
601 0.0005860665890853662
602 0.003549279908042407
603 5.647531958280991e-05
604 0.0013646847783580194
605 0.0022423662407556094
606 0.003075887388746839
607 0.008382686573138816
608 0.0053662661708863985
609 0.0022310310651253136
610 7.368578759724394e-05
611 0.0005455431721358742
612 0.004260522088281123
613 0.00174580798910544
614 0.0032111464451772074
615 0.0006011968557826736
616 0.006085380226172709
617 0.0028749431022279015
618 0.0026709038925736887
619 0.008707957442371784
620 0.0035561841660839825
621 0.001886137590459082
622 0.0013001926798288706
623 0.0009202224295177748
624 0.004159268808955275
625 0.000690043298569173
626 0.00047146377753416106
627 1.1906186742360849e-05
628 0.004204346081658918
629 0.0017461982949664272
630 0.0014150944374108898
631 0.001466142873538669
632 0.0007038855112992078
633 0.0003537607717964747
634 5.0556630779171e-05
635 0.01277873390520793
636 0.005281089770646916
637 0.00257049869758613
638 0.0043704049554073995
639 0.008852777884742358
640 0.003536359157851615
641 3.613751262207347e-05
642 0.0016658316808452296
643 0.0034334545241594214
644 0.0004851220954215581
645 0.006227075713631038
646 0.0009175974789927622
647 0.006074529600335516
648 0.004549636046161963
649 0.002002625277681251
650 0.00027708799266120164
651 0.0022035330580561048
652 0.00046582424646811875
653 0.004366587966359009
654 0.008600230921914158
655 0.008613562915058782
656 0.007504087701045648
657 0.0029513079839863995
658 0.0009417920365981863
659 0.0011445749703556383
660 0.002177802082289796
661 0.0001861001974660381
662 0.0002488229443353122
663 0.0020960558032849285
664 0.00436524247507271
665 0.002317116674927638
666 0.0003515817682125842
667 0.010206159322223685
668 0.005063203213158091
669 0.0012648826989626798
670 0.010528455942327717
671 0.004562767203258614
672 0.003538824523211013
673 0.0015265042304236896
674 0.0011065362593863518
675 0.003451183970569051
676 0.0010663656958159711
677 0.00011412860312631567
678 0.011877145519068601
679 0.004143723557190203
680 0.004192574260690705
681 0.005125795408208729
682 0.0002111377539572059
683 0.0057204620403164515
684 0.00012273391042918498
685 0.009631283255485764
686 0.0051731539053235034
687 0.00902423513750809
688 0.008567930428013956
689 0.001984908663254123
690 0.001414453529605763
691 0.00040663210348767484
692 0.00035480818638997845
693 0.005545087125076095
694 0.015834358471438287
695 0.005444521840728154
696 0.014884037888582863
697 0.0034232620352382735
698 0.0059523084810122395
699 0.0004831130503479836
700 0.010739252437826726
701 0.004571432391661002
702 0.006438281048974119
703 0.0072279336505729425
704 0.0014652221595643357
705 0.005735541595001617
706 0.007786340972280375
707 0.005174854337389102
708 0.009077605867221844
709 0.0010536155789552585
710 2.5435675808072077e-05
711 0.006584040072005387
712 0.002408598990142863
713 0.0014082592122359793
714 0.017627026001779015
715 4.446383409039078e-06
716 0.011843725108007493
717 0.004574220486489952
718 0.0005679683443907047
719 0.0014403176704898082
720 0.002185897184818258
721 0.0035946800996449527
722 0.0010702871441020149
723 0.0076657381513283275
724 0.0018976593534948693
725 0.002111118059231141
726 8.073675529318232e-05
727 0.00424329082441105
728 0.005631528214028349
729 0.016410112546445775
730 0.00382729843305214
731 0.008239397553562637
732 0.0005648393435014403
733 0.0056833625672808325
734 0.007678114350443853
735 0.000289765744586334
736 0.0030540875674692942
737 0.00032162987075476623
738 0.004576203960914328
739 0.0024636753467798043
740 0.014867482370967883
741 0.0019010674440807925
742 0.005259753768337568
743 0.0031909185160205705
744 0.0021752020156872633
745 0.004176677461520241
746 0.006512275155973507
747 0.006377601076544477
748 0.008922350453037738
749 0.0030237053621956327
750 0.00035480818638997845
751 0.008809294101031564
752 0.002914844350751453
753 0.0074271540711070855
754 0.0013162792995676934
755 0.0020672805933917905
756 0.000247533091778557
757 0.0006070289425868903
758 0.005119083982586855
759 0.006395229173155899
760 0.009627911153725898
761 0.008898575971977301
762 0.008050560548472311
763 0.0011573207397898874
764 0.003941937508281734
765 0.0013631790416093919
766 0.0005872393302645023
767 0.012059711884799406
768 0.00810627835558109
769 0.000718362612767966
770 0.008416656550210275
771 0.00011482438557741987
772 0.001970901400666952
773 0.0004504942161842795
774 0.0014545278411562937
775 0.003754692501175888
776 0.006540769915335003
777 0.006532823485745411
778 0.0044095535169605725
779 0.008034554618231705
780 0.00022004820906613165
781 0.009003337890409021
782 0.0030040916027490212
783 0.0034232620352382735
784 0.0002145054285000684
785 1.1421132391621923e-05
786 0.009371945955687152
787 0.0071778981434621955
788 0.00399624932309254
789 0.006240964507395375
790 0.00990163466232322
791 0.0009902048296436677
792 0.003650180473599381
793 0.0014300157837664612
794 0.002544768054084442
795 0.00020169499075474952
796 0.0006997239536671445
797 0.0015577778281579819
798 0.0066523953783720995
799 0.001556123056966845
800 0.007343083854224972
801 0.0006142720051064181
802 0.005071490069398154
803 8.550561273536715e-05
804 0.006977479722675756
805 0.005704844130973706
806 0.003652616601652227
807 0.003256599960353937
808 0.0073729804524235555
809 0.002492591715472506
810 0.0012934208547071841
811 0.00035665903087372865
812 0.00020956907334420332
813 0.0034803934662882897
814 0.0036244255557762216
815 0.005453221197433685
816 0.0016792372850072412
817 0.007509382762787335
818 0.004706386443448237
819 0.0018989528411907416
820 0.004511270583338944
821 0.005349495901985064
822 0.0038364149119744792
823 0.0013071353371996617
824 0.003363038703251401
825 0.0004003682460757856
826 0.0027700196998844168
827 0.006657614311751433
828 0.0028931808932282804
829 0.00010215454474151227
830 0.006704148855433784
831 0.0006178337480778963
832 0.007683928711133071
833 0.010127394877475548
834 0.0018681365797666419
835 0.0033691557848964304
836 0.0005823611081473576
837 0.004250789741204488
838 0.0032566717910376924
839 0.00450645922575683
840 0.007918334573805667
841 0.00030032907718331915
842 0.006374060245554721
843 0.004263191646683801
844 0.002120125124129865
845 0.005394350481573495
846 0.0011801107693836853
847 0.007749716061347683
848 0.0031476119083230815
849 0.009772446615836816
850 0.008039915236784297
851 0.014290952061506655
852 0.0018825458566647559
853 0.0005217934010038526
854 0.006385656624231667
855 0.003395037512631852
856 0.009372003532161367
857 0.004945456647255013
858 0.005326556404067774
859 0.0023624942810178077
860 0.005724260138056108
861 0.0017254709904594458
862 0.0020493261766932167
863 0.006352368242850115
864 0.0026869860322126546
865 1.5917985514414332e-05
866 0.00044465407310920446
867 2.38257433476064e-05
868 7.587521273493783e-05
869 0.0046436406311204555
870 0.00117145237958347
871 0.004226751924226928
872 0.0035717673830503865
873 0.0049370183183829585
874 0.006875065927685395
875 0.002049083702173748
876 0.0022967723570310257
877 0.00045707447523104285
878 0.00033284194396848504
879 0.00898776897250029
880 0.0011378185159380274
881 0.00720013763070728
882 0.0025073524069677048
883 0.0028308219901402093
884 0.003617157841638038
885 0.004537509941729032
886 0.00038585919617733876
887 0.0014452738272212487
888 0.004176845509150732
889 0.004500616985634283
890 0.007695677504239479
891 0.0006384501298686683
892 0.0007110663852324054
893 0.0035536396675724695
894 0.010365421585696958
895 0.01403314268193201
896 0.007333849744184957
897 0.0030621635769829646
898 0.0004352010372791138
899 0.007813672275979879
900 0.0074969200504163775
901 0.0005369820968033931
902 0.0037156104552512246
903 0.0011947654845422147
904 0.000756965075536151
905 0.0006098503934618693
906 0.005551972336785344
907 0.00014920383803158555
908 0.004467492477106929
909 0.004728188571068253
910 0.004902465569973017
911 0.0007833423869920661
912 0.00272179105858548
913 0.002241583773548772
914 0.0058399354283270866
915 0.001791808089734371
916 0.00020973791894057824
917 0.005597426996895689
918 0.014051705790946624
919 0.0009172204240155516
920 0.002193832251683944
921 0.0030655204641088485
922 0.001319326988213748
923 0.0008402364896233539
924 0.004310207842979226
925 0.0037578069239453987
926 0.003681265530648429
927 0.006690279671234668
928 0.00036755910338319165
929 0.006116535836207781
930 0.0021721130312478583
931 0.0020847598430787703
932 0.003003474776617408
933 0.0046853892390289476
934 0.0036660220160304896
935 0.004621799774956869
936 0.0028818912365935023
937 0.0032566717910376924
938 0.0032534875370960354
939 0.006062444466522828
940 0.007207751888424922
941 0.0037427872888025583
942 0.002358315857273533
943 0.005889772977102657
944 0.0011345788805585733
945 0.01034009478781165
946 0.002037053030619289
947 0.0011880875345579812
948 0.01066793858785062
949 1.055057664634017e-05
950 0.0016699390086637527
951 0.0002812425865460638
952 0.009067426425710146
953 4.43824023446172e-06
954 0.007406547077834773
955 5.67657697271156e-05
956 0.0012528937264681798
957 0.00292011614196589
958 0.0012053454452405372
959 0.0007075369325585031
960 0.00012188420262567024
961 0.0016427590103882982
962 0.0014346728342970667
963 5.8430205666204e-05
964 0.010216064218527979
965 0.006470593856128348
966 0.010474318813712484
967 0.004243911882562323
968 0.0005093367730783557
969 0.009008427753286575
970 0.0032386560440968454
971 0.0019084122132082798
972 0.0042488202067126665
973 4.647306268720433e-06
974 0.0014323909759341492
975 0.0017841621565238802
976 0.004851187150832521
977 0.0036205120403868057
978 0.0009558614070704449
979 0.007912165000044375
980 0.003010862073812983
981 0.0016529471097632396
982 0.0035619326992109976
983 0.008814634913407426
984 0.00606023801627883
985 0.004591493748962769
986 0.006581377073234864
987 0.0008964386248952294
988 0.0035048115253865173
989 0.0015754864076305553
990 0.0028860834371075774
991 0.00012415783231694633
992 0.00955007265767489
993 5.1639547053280596e-05
994 0.0014520663774214993
995 0.006335921441160839
996 0.002997162152468365
997 0.0010122891773294315
998 2.1241971709780574e-05
999 0.0035837820198379748
